ITERATION NUMBER :  0

 unitary
[[1. 0. 0. 0. 0. 0. 0. 0. 0. 0.]
 [0. 1. 0. 0. 0. 0. 0. 0. 0. 0.]
 [0. 0. 1. 0. 0. 0. 0. 0. 0. 0.]
 [0. 0. 0. 1. 0. 0. 0. 0. 0. 0.]
 [0. 0. 0. 0. 1. 0. 0. 0. 0. 0.]
 [0. 0. 0. 0. 0. 1. 0. 0. 0. 0.]
 [0. 0. 0. 0. 0. 0. 1. 0. 0. 0.]
 [0. 0. 0. 0. 0. 0. 0. 1. 0. 0.]
 [0. 0. 0. 0. 0. 0. 0. 0. 1. 0.]
 [0. 0. 0. 0. 0. 0. 0. 0. 0. 1.]]
Current Energy:  -72.75257487092665
true energy  -72.75270160898805
dvec
[((3.980051783599904+0j), -1.0 [0^ 12] +
-1.0 [1^ 13] +
1.0 [12^ 0] +
1.0 [13^ 1]), ((4.03278833383637+0j), -1.0 [2^ 12] +
-1.0 [3^ 13] +
1.0 [12^ 2] +
1.0 [13^ 3]), ((0.1560461448169505+0j), -1.0 [4^ 12] +
-1.0 [5^ 13] +
1.0 [12^ 4] +
1.0 [13^ 5]), ((-0.09352586557805675+0j), -1.0 [6^ 12] +
-1.0 [7^ 13] +
1.0 [12^ 6] +
1.0 [13^ 7]), ((0.04151637171171996+0j), -1.0 [8^ 12] +
-1.0 [9^ 13] +
1.0 [12^ 8] +
1.0 [13^ 9]), ((0.07572231210623659+0j), -1.0 [10^ 12] +
-1.0 [11^ 13] +
1.0 [12^ 10] +
1.0 [13^ 11]), ((3.9590315209383666+0j), -1.0 [0^ 14] +
-1.0 [1^ 15] +
1.0 [14^ 0] +
1.0 [15^ 1]), ((4.038605708669982+0j), -1.0 [2^ 14] +
-1.0 [3^ 15] +
1.0 [14^ 2] +
1.0 [15^ 3]), ((0.15682109698238422+0j), -1.0 [4^ 14] +
-1.0 [5^ 15] +
1.0 [14^ 4] +
1.0 [15^ 5]), ((-0.10570310971836744+0j), -1.0 [6^ 14] +
-1.0 [7^ 15] +
1.0 [14^ 6] +
1.0 [15^ 7]), ((0.12318375400321555+0j), -1.0 [8^ 14] +
-1.0 [9^ 15] +
1.0 [14^ 8] +
1.0 [15^ 9]), ((-0.0006068977237630446+0j), -1.0 [10^ 14] +
-1.0 [11^ 15] +
1.0 [14^ 10] +
1.0 [15^ 11]), ((3.6105610974655287+0j), -1.0 [0^ 16] +
-1.0 [1^ 17] +
1.0 [16^ 0] +
1.0 [17^ 1]), ((3.6826814597556687+0j), -1.0 [2^ 16] +
-1.0 [3^ 17] +
1.0 [16^ 2] +
1.0 [17^ 3]), ((0.1194467308881827+0j), -1.0 [4^ 16] +
-1.0 [5^ 17] +
1.0 [16^ 4] +
1.0 [17^ 5]), ((-0.10534890017976214+0j), -1.0 [6^ 16] +
-1.0 [7^ 17] +
1.0 [16^ 6] +
1.0 [17^ 7]), ((0.01981724835537435+0j), -1.0 [8^ 16] +
-1.0 [9^ 17] +
1.0 [16^ 8] +
1.0 [17^ 9]), ((-0.018724375517361724+0j), -1.0 [10^ 16] +
-1.0 [11^ 17] +
1.0 [16^ 10] +
1.0 [17^ 11]), ((2.485673552376344+0j), -1.0 [0^ 18] +
-1.0 [1^ 19] +
1.0 [18^ 0] +
1.0 [19^ 1]), ((2.4678340024710215+0j), -1.0 [2^ 18] +
-1.0 [3^ 19] +
1.0 [18^ 2] +
1.0 [19^ 3]), ((0.1368431726285207+0j), -1.0 [4^ 18] +
-1.0 [5^ 19] +
1.0 [18^ 4] +
1.0 [19^ 5]), ((0.17196126156103642+0j), -1.0 [6^ 18] +
-1.0 [7^ 19] +
1.0 [18^ 6] +
1.0 [19^ 7]), ((0.09241705240645853+0j), -1.0 [8^ 18] +
-1.0 [9^ 19] +
1.0 [18^ 8] +
1.0 [19^ 9]), ((0.10403809133504399+0j), -1.0 [10^ 18] +
-1.0 [11^ 19] +
1.0 [18^ 10] +
1.0 [19^ 11])]
New fr values norm
0.06648806491320987

ITERATION NUMBER :  1

 unitary
[[ 0.98172379 -0.01944668  0.00576415  0.02254678 -0.01887291 -0.01887291
  -0.09843502 -0.09843502 -0.09740371 -0.07562985]
 [-0.01944668  0.97921292  0.00736968  0.02841498 -0.02014627 -0.02014627
  -0.09851879 -0.09851879 -0.10884283 -0.08849718]
 [ 0.00576415  0.00736968  0.90733432  0.05168045  0.005093    0.005093
  -0.09944291 -0.09944291  0.38418391 -0.08098815]
 [ 0.02254678  0.02841498  0.05168045  0.58485395  0.02894447  0.02894447
  -0.09126485 -0.09126485 -0.08246061  0.7929851 ]
 [-0.01887291 -0.02014627  0.005093    0.02894447  0.98042815 -0.01957185
  -0.09853983 -0.09853983 -0.09762213 -0.08832628]
 [-0.01887291 -0.02014627  0.005093    0.02894447 -0.01957185  0.98042815
  -0.09853983 -0.09853983 -0.09762213 -0.08832628]
 [ 0.09843502  0.09851879  0.09944291  0.09126485  0.09853983  0.09853983
   0.97038371 -0.02961629 -0.00530039  0.02040756]
 [ 0.09843502  0.09851879  0.09944291  0.09126485  0.09853983  0.09853983
  -0.02961629  0.97038371 -0.00530039  0.02040756]
 [ 0.09740371  0.10884283 -0.38418391  0.08246061  0.09762213  0.09762213
  -0.00530039 -0.00530039  0.89630012  0.04240838]
 [ 0.07562985  0.08849718  0.08098815 -0.7929851   0.08832628  0.08832628
   0.02040756  0.02040756  0.04240838  0.57691374]]
Current Energy:  -73.30208553577529
true energy  -73.30248751191951
dvec
[((3.2006545024856834+0j), -1.0 [0^ 12] +
-1.0 [1^ 13] +
1.0 [12^ 0] +
1.0 [13^ 1]), ((3.2515598349078068+0j), -1.0 [2^ 12] +
-1.0 [3^ 13] +
1.0 [12^ 2] +
1.0 [13^ 3]), ((0.1562271342039418+0j), -1.0 [4^ 12] +
-1.0 [5^ 13] +
1.0 [12^ 4] +
1.0 [13^ 5]), ((-0.05934627695941161+0j), -1.0 [6^ 12] +
-1.0 [7^ 13] +
1.0 [12^ 6] +
1.0 [13^ 7]), ((0.04482813543779171+0j), -1.0 [8^ 12] +
-1.0 [9^ 13] +
1.0 [12^ 8] +
1.0 [13^ 9]), ((0.0869038155718114+0j), -1.0 [10^ 12] +
-1.0 [11^ 13] +
1.0 [12^ 10] +
1.0 [13^ 11]), ((3.2645325310383977+0j), -1.0 [0^ 14] +
-1.0 [1^ 15] +
1.0 [14^ 0] +
1.0 [15^ 1]), ((3.2211544499288274+0j), -1.0 [2^ 14] +
-1.0 [3^ 15] +
1.0 [14^ 2] +
1.0 [15^ 3]), ((0.15804706244609112+0j), -1.0 [4^ 14] +
-1.0 [5^ 15] +
1.0 [14^ 4] +
1.0 [15^ 5]), ((-0.07592943878317862+0j), -1.0 [6^ 14] +
-1.0 [7^ 15] +
1.0 [14^ 6] +
1.0 [15^ 7]), ((0.12054581964471853+0j), -1.0 [8^ 14] +
-1.0 [9^ 15] +
1.0 [14^ 8] +
1.0 [15^ 9]), ((-0.011582044354715937+0j), -1.0 [10^ 14] +
-1.0 [11^ 15] +
1.0 [14^ 10] +
1.0 [15^ 11]), ((2.94481615858309+0j), -1.0 [0^ 16] +
-1.0 [1^ 17] +
1.0 [16^ 0] +
1.0 [17^ 1]), ((2.9684132332124187+0j), -1.0 [2^ 16] +
-1.0 [3^ 17] +
1.0 [16^ 2] +
1.0 [17^ 3]), ((0.13195110249380904+0j), -1.0 [4^ 16] +
-1.0 [5^ 17] +
1.0 [16^ 4] +
1.0 [17^ 5]), ((-0.06245089803548258+0j), -1.0 [6^ 16] +
-1.0 [7^ 17] +
1.0 [16^ 6] +
1.0 [17^ 7]), ((0.009158088705382456+0j), -1.0 [8^ 16] +
-1.0 [9^ 17] +
1.0 [16^ 8] +
1.0 [17^ 9]), ((-0.024419418200925747+0j), -1.0 [10^ 16] +
-1.0 [11^ 17] +
1.0 [16^ 10] +
1.0 [17^ 11]), ((1.955630979381934+0j), -1.0 [0^ 18] +
-1.0 [1^ 19] +
1.0 [18^ 0] +
1.0 [19^ 1]), ((1.9612501204066337+0j), -1.0 [2^ 18] +
-1.0 [3^ 19] +
1.0 [18^ 2] +
1.0 [19^ 3]), ((0.15231906703100892+0j), -1.0 [4^ 18] +
-1.0 [5^ 19] +
1.0 [18^ 4] +
1.0 [19^ 5]), ((0.19768459126477178+0j), -1.0 [6^ 18] +
-1.0 [7^ 19] +
1.0 [18^ 6] +
1.0 [19^ 7]), ((0.07926310338211634+0j), -1.0 [8^ 18] +
-1.0 [9^ 19] +
1.0 [18^ 8] +
1.0 [19^ 9]), ((0.09256470164037098+0j), -1.0 [10^ 18] +
-1.0 [11^ 19] +
1.0 [18^ 10] +
1.0 [19^ 11])]
New fr values norm
0.06984107942362633

ITERATION NUMBER :  2

 unitary
[[ 0.98868074 -0.01188054  0.00394326  0.00392658 -0.01068673 -0.01062952
  -0.0799875  -0.08007681 -0.07815387 -0.05650456]
 [-0.01239126  0.9868827   0.00549649  0.00979712 -0.01185048 -0.01179184
  -0.07980628 -0.0797637  -0.08929237 -0.06927405]
 [ 0.00758542  0.00932028  0.90727585  0.04813694  0.00720292  0.00721945
  -0.09375799 -0.09372356  0.38833201 -0.07686704]
 [ 0.02137956  0.02725423  0.05307075  0.57921877  0.02777244  0.02774997
  -0.09613075 -0.09680909 -0.08701196  0.79546443]
 [-0.0177279  -0.01892429  0.00574258  0.02594219  0.98176465 -0.01821699
  -0.09681271 -0.09233362 -0.09623735 -0.08525319]
 [-0.0183064  -0.01952346  0.00638223  0.02480132 -0.01884564  0.98114698
  -0.09467315 -0.09853215 -0.0985341  -0.08510435]
 [ 0.08036581  0.08023144  0.09414577  0.09330187  0.09750756  0.09551188
   0.97438735 -0.02561084 -0.00391874  0.02834364]
 [ 0.08047921  0.08021758  0.09414805  0.09367615  0.09305736  0.09939977
  -0.02561232  0.97437177 -0.00393746  0.02893676]
 [ 0.07795834  0.08912747 -0.38809716  0.08471907  0.09703185  0.09964564
  -0.00174923 -0.00175613  0.8979602   0.04998973]
 [ 0.04668786  0.05947082  0.07461817 -0.79757831  0.08439554  0.08374027
   0.02785338  0.02785548  0.04703233  0.57852019]]
Current Energy:  -73.7356972364518
true energy  -73.73590306270461
dvec
[((2.475910893289025+0j), -1.0 [0^ 12] +
-1.0 [1^ 13] +
1.0 [12^ 0] +
1.0 [13^ 1]), ((2.456349384372846+0j), -1.0 [2^ 12] +
-1.0 [3^ 13] +
1.0 [12^ 2] +
1.0 [13^ 3]), ((0.1581754649041069+0j), -1.0 [4^ 12] +
-1.0 [5^ 13] +
1.0 [12^ 4] +
1.0 [13^ 5]), ((-0.026623161717866634+0j), -1.0 [6^ 12] +
-1.0 [7^ 13] +
1.0 [12^ 6] +
1.0 [13^ 7]), ((0.0385055023006933+0j), -1.0 [8^ 12] +
-1.0 [9^ 13] +
1.0 [12^ 8] +
1.0 [13^ 9]), ((0.08494925994231664+0j), -1.0 [10^ 12] +
-1.0 [11^ 13] +
1.0 [12^ 10] +
1.0 [13^ 11]), ((2.407251311253822+0j), -1.0 [0^ 14] +
-1.0 [1^ 15] +
1.0 [14^ 0] +
1.0 [15^ 1]), ((2.5279374147148013+0j), -1.0 [2^ 14] +
-1.0 [3^ 15] +
1.0 [14^ 2] +
1.0 [15^ 3]), ((0.15874590934933147+0j), -1.0 [4^ 14] +
-1.0 [5^ 15] +
1.0 [14^ 4] +
1.0 [15^ 5]), ((-0.03544286409668215+0j), -1.0 [6^ 14] +
-1.0 [7^ 15] +
1.0 [14^ 6] +
1.0 [15^ 7]), ((0.10604248172107972+0j), -1.0 [8^ 14] +
-1.0 [9^ 15] +
1.0 [14^ 8] +
1.0 [15^ 9]), ((-0.009717902445408988+0j), -1.0 [10^ 14] +
-1.0 [11^ 15] +
1.0 [14^ 10] +
1.0 [15^ 11]), ((2.093119554364611+0j), -1.0 [0^ 16] +
-1.0 [1^ 17] +
1.0 [16^ 0] +
1.0 [17^ 1]), ((2.182517559663486+0j), -1.0 [2^ 16] +
-1.0 [3^ 17] +
1.0 [16^ 2] +
1.0 [17^ 3]), ((0.138863961090954+0j), -1.0 [4^ 16] +
-1.0 [5^ 17] +
1.0 [16^ 4] +
1.0 [17^ 5]), ((-0.01587405907264472+0j), -1.0 [6^ 16] +
-1.0 [7^ 17] +
1.0 [16^ 6] +
1.0 [17^ 7]), ((9.541064103268937e-05+0j), -1.0 [8^ 16] +
-1.0 [9^ 17] +
1.0 [16^ 8] +
1.0 [17^ 9]), ((-0.030461739945056437+0j), -1.0 [10^ 16] +
-1.0 [11^ 17] +
1.0 [16^ 10] +
1.0 [17^ 11]), ((1.4294614805698391+0j), -1.0 [0^ 18] +
-1.0 [1^ 19] +
1.0 [18^ 0] +
1.0 [19^ 1]), ((1.438766990246687+0j), -1.0 [2^ 18] +
-1.0 [3^ 19] +
1.0 [18^ 2] +
1.0 [19^ 3]), ((0.1612448723593673+0j), -1.0 [4^ 18] +
-1.0 [5^ 19] +
1.0 [18^ 4] +
1.0 [19^ 5]), ((0.20547940937176867+0j), -1.0 [6^ 18] +
-1.0 [7^ 19] +
1.0 [18^ 6] +
1.0 [19^ 7]), ((0.06474972271183085+0j), -1.0 [8^ 18] +
-1.0 [9^ 19] +
1.0 [18^ 8] +
1.0 [19^ 9]), ((0.07541519930997262+0j), -1.0 [10^ 18] +
-1.0 [11^ 19] +
1.0 [18^ 10] +
1.0 [19^ 11])]
New fr values norm
0.07853417961701456

ITERATION NUMBER :  3

 unitary
[[ 0.99371854 -0.00624711  0.00139733 -0.01449784 -0.00281494 -0.00254964
  -0.06125451 -0.06094313 -0.05850497 -0.03699811]
 [-0.0073326   0.99254166  0.00294412 -0.00885116 -0.00393702 -0.00367432
  -0.06075357 -0.06085872 -0.06955174 -0.04958882]
 [ 0.0097151   0.01166918  0.90681409  0.04148812  0.01046578  0.01057246
  -0.08494361 -0.08479556  0.39533778 -0.06940762]
 [ 0.02035452  0.0262815   0.05454766  0.57059706  0.02674709  0.02662434
  -0.10135422 -0.10363197 -0.09129672  0.79972927]
 [-0.01647792 -0.01757515  0.00696344  0.02171947  0.98364104 -0.01623669
  -0.09380171 -0.08225714 -0.09490212 -0.08071327]
 [-0.01779051 -0.01894005  0.00876659  0.01852894 -0.01784687  0.98208163
  -0.08731266 -0.0991777  -0.10097625 -0.08028601]
 [ 0.06224788  0.06184447  0.08619267  0.0961036   0.09494422  0.08879571
   0.97822005 -0.02175689 -0.00411136  0.03649063]
 [ 0.06197014  0.0619958   0.08619277  0.09739992  0.08344745  0.10070849
  -0.02196439  0.97791896 -0.00442501  0.03830269]
 [ 0.05788627  0.06899851 -0.39454398  0.0875761   0.09620118  0.10311634
   0.00109494  0.00104386  0.89746412  0.05676338]
 [ 0.01752327  0.02997532  0.06366688 -0.80324462  0.07778742  0.07583901
   0.0353331   0.03535362  0.04931259  0.57689388]]
Current Energy:  -74.05277288409043
true energy  -74.04877917661395
dvec
[((1.5841207031618783+0j), -1.0 [0^ 12] +
-1.0 [1^ 13] +
1.0 [12^ 0] +
1.0 [13^ 1]), ((1.6961882383633782+0j), -1.0 [2^ 12] +
-1.0 [3^ 13] +
1.0 [12^ 2] +
1.0 [13^ 3]), ((0.13354185582954647+0j), -1.0 [4^ 12] +
-1.0 [5^ 13] +
1.0 [12^ 4] +
1.0 [13^ 5]), ((0.021624403602475417+0j), -1.0 [6^ 12] +
-1.0 [7^ 13] +
1.0 [12^ 6] +
1.0 [13^ 7]), ((0.013510352294208633+0j), -1.0 [8^ 12] +
-1.0 [9^ 13] +
1.0 [12^ 8] +
1.0 [13^ 9]), ((0.06251540796058663+0j), -1.0 [10^ 12] +
-1.0 [11^ 13] +
1.0 [12^ 10] +
1.0 [13^ 11]), ((1.5559251487152286+0j), -1.0 [0^ 14] +
-1.0 [1^ 15] +
1.0 [14^ 0] +
1.0 [15^ 1]), ((1.6663546695025406+0j), -1.0 [2^ 14] +
-1.0 [3^ 15] +
1.0 [14^ 2] +
1.0 [15^ 3]), ((0.14206967458075773+0j), -1.0 [4^ 14] +
-1.0 [5^ 15] +
1.0 [14^ 4] +
1.0 [15^ 5]), ((0.009135674745664707+0j), -1.0 [6^ 14] +
-1.0 [7^ 15] +
1.0 [14^ 6] +
1.0 [15^ 7]), ((0.0741967476801508+0j), -1.0 [8^ 14] +
-1.0 [9^ 15] +
1.0 [14^ 8] +
1.0 [15^ 9]), ((0.013677191016149226+0j), -1.0 [10^ 14] +
-1.0 [11^ 15] +
1.0 [14^ 10] +
1.0 [15^ 11]), ((1.3405123371804697+0j), -1.0 [0^ 16] +
-1.0 [1^ 17] +
1.0 [16^ 0] +
1.0 [17^ 1]), ((1.4391052503862694+0j), -1.0 [2^ 16] +
-1.0 [3^ 17] +
1.0 [16^ 2] +
1.0 [17^ 3]), ((0.13489210432551269+0j), -1.0 [4^ 16] +
-1.0 [5^ 17] +
1.0 [16^ 4] +
1.0 [17^ 5]), ((0.030152662933907157+0j), -1.0 [6^ 16] +
-1.0 [7^ 17] +
1.0 [16^ 6] +
1.0 [17^ 7]), ((-0.00432809524360489+0j), -1.0 [8^ 16] +
-1.0 [9^ 17] +
1.0 [16^ 8] +
1.0 [17^ 9]), ((-0.035250951643317985+0j), -1.0 [10^ 16] +
-1.0 [11^ 17] +
1.0 [16^ 10] +
1.0 [17^ 11]), ((0.8480601455543666+0j), -1.0 [0^ 18] +
-1.0 [1^ 19] +
1.0 [18^ 0] +
1.0 [19^ 1]), ((0.8583624515724974+0j), -1.0 [2^ 18] +
-1.0 [3^ 19] +
1.0 [18^ 2] +
1.0 [19^ 3]), ((0.15824547691235402+0j), -1.0 [4^ 18] +
-1.0 [5^ 19] +
1.0 [18^ 4] +
1.0 [19^ 5]), ((0.19356424442115072+0j), -1.0 [6^ 18] +
-1.0 [7^ 19] +
1.0 [18^ 6] +
1.0 [19^ 7]), ((0.04342184848598174+0j), -1.0 [8^ 18] +
-1.0 [9^ 19] +
1.0 [18^ 8] +
1.0 [19^ 9]), ((0.055159981772014505+0j), -1.0 [10^ 18] +
-1.0 [11^ 19] +
1.0 [18^ 10] +
1.0 [19^ 11])]
New fr values norm
0.07403733908497065

ITERATION NUMBER :  4

 unitary
[[ 9.96740032e-01 -2.66991990e-03 -1.79967141e-03 -3.29656435e-02
   4.38334099e-03  5.07099284e-03 -4.16233771e-02 -4.18310293e-02
  -3.98287828e-02 -1.72802255e-02]
 [-4.22910818e-03  9.96213420e-01 -4.78372617e-04 -2.74738693e-02
   3.42304786e-03  4.14225594e-03 -4.12563900e-02 -4.07901371e-02
  -5.01653204e-02 -2.95725123e-02]
 [ 1.19300396e-02  1.42637637e-02  9.05300524e-01  2.84541286e-02
   1.56612825e-02  1.60795292e-02 -6.99918800e-02 -6.97793541e-02
   4.07358332e-01 -5.53433280e-02]
 [ 1.96380655e-02  2.57122392e-02  5.53341581e-02  5.58001989e-01
   2.65133782e-02  2.61952500e-02 -1.05732646e-01 -1.09703850e-01
  -9.27936804e-02  8.07038409e-01]
 [-1.53385310e-02 -1.63122669e-02  9.19816495e-03  1.50690072e-02
   9.86083011e-01 -1.34476698e-02 -8.92568719e-02 -6.58395424e-02
  -9.44703125e-02 -7.36215963e-02]
 [-1.75738847e-02 -1.86702411e-02  1.41747381e-02  8.43015714e-03
  -1.66874113e-02  9.82929207e-01 -7.40216266e-02 -9.99903912e-02
  -1.08834930e-01 -7.29381450e-02]
 [ 4.35206275e-02  4.32609974e-02  7.29695149e-02  9.90432306e-02
   9.06359174e-02  7.59656373e-02  9.82247707e-01 -1.75851311e-02
  -6.59796274e-03  4.41741251e-02]
 [ 4.37310130e-02  4.28161993e-02  7.30664542e-02  1.01264299e-01
   6.72438678e-02  1.01959782e-01 -1.81551798e-02  9.81392418e-01
  -7.44117412e-03  4.71975925e-02]
 [ 3.83565721e-02  4.86590863e-02 -4.05614743e-01  8.95073986e-02
   9.59007798e-02  1.12228818e-01  3.08224301e-03  2.83794504e-03
   8.93418656e-01  6.01619170e-02]
 [-1.19020311e-02  5.44173733e-05  4.35145849e-02 -8.10930860e-01
   6.67015224e-02  6.26085933e-02  4.34912554e-02  4.35998269e-02
   4.77509103e-02  5.70889173e-01]]
Current Energy:  -74.19358699655075
true energy  -74.1943083994657
dvec
[((1.0196751339370538+0j), -1.0 [0^ 12] +
-1.0 [1^ 13] +
1.0 [12^ 0] +
1.0 [13^ 1]), ((1.0707144231880235+0j), -1.0 [2^ 12] +
-1.0 [3^ 13] +
1.0 [12^ 2] +
1.0 [13^ 3]), ((0.10862584803029146+0j), -1.0 [4^ 12] +
-1.0 [5^ 13] +
1.0 [12^ 4] +
1.0 [13^ 5]), ((0.050393904785612315+0j), -1.0 [6^ 12] +
-1.0 [7^ 13] +
1.0 [12^ 6] +
1.0 [13^ 7]), ((0.008474833543401533+0j), -1.0 [8^ 12] +
-1.0 [9^ 13] +
1.0 [12^ 8] +
1.0 [13^ 9]), ((0.0462904725839387+0j), -1.0 [10^ 12] +
-1.0 [11^ 13] +
1.0 [12^ 10] +
1.0 [13^ 11]), ((1.017829442817959+0j), -1.0 [0^ 14] +
-1.0 [1^ 15] +
1.0 [14^ 0] +
1.0 [15^ 1]), ((1.1466041858067437+0j), -1.0 [2^ 14] +
-1.0 [3^ 15] +
1.0 [14^ 2] +
1.0 [15^ 3]), ((0.1070753712005224+0j), -1.0 [4^ 14] +
-1.0 [5^ 15] +
1.0 [14^ 4] +
1.0 [15^ 5]), ((0.034974278967076194+0j), -1.0 [6^ 14] +
-1.0 [7^ 15] +
1.0 [14^ 6] +
1.0 [15^ 7]), ((0.05475515753105545+0j), -1.0 [8^ 14] +
-1.0 [9^ 15] +
1.0 [14^ 8] +
1.0 [15^ 9]), ((0.017784311926827334+0j), -1.0 [10^ 14] +
-1.0 [11^ 15] +
1.0 [14^ 10] +
1.0 [15^ 11]), ((0.9000796673215661+0j), -1.0 [0^ 16] +
-1.0 [1^ 17] +
1.0 [16^ 0] +
1.0 [17^ 1]), ((0.9427164970037174+0j), -1.0 [2^ 16] +
-1.0 [3^ 17] +
1.0 [16^ 2] +
1.0 [17^ 3]), ((0.1111632788444551+0j), -1.0 [4^ 16] +
-1.0 [5^ 17] +
1.0 [16^ 4] +
1.0 [17^ 5]), ((0.030284420155373915+0j), -1.0 [6^ 16] +
-1.0 [7^ 17] +
1.0 [16^ 6] +
1.0 [17^ 7]), ((-0.0032201790868667257+0j), -1.0 [8^ 16] +
-1.0 [9^ 17] +
1.0 [16^ 8] +
1.0 [17^ 9]), ((-0.03790131040623007+0j), -1.0 [10^ 16] +
-1.0 [11^ 17] +
1.0 [16^ 10] +
1.0 [17^ 11]), ((0.5108933808329295+0j), -1.0 [0^ 18] +
-1.0 [1^ 19] +
1.0 [18^ 0] +
1.0 [19^ 1]), ((0.482396628441444+0j), -1.0 [2^ 18] +
-1.0 [3^ 19] +
1.0 [18^ 2] +
1.0 [19^ 3]), ((0.12451977276093035+0j), -1.0 [4^ 18] +
-1.0 [5^ 19] +
1.0 [18^ 4] +
1.0 [19^ 5]), ((0.1761834028918663+0j), -1.0 [6^ 18] +
-1.0 [7^ 19] +
1.0 [18^ 6] +
1.0 [19^ 7]), ((0.036059743499182506+0j), -1.0 [8^ 18] +
-1.0 [9^ 19] +
1.0 [18^ 8] +
1.0 [19^ 9]), ((0.04394398175312466+0j), -1.0 [10^ 18] +
-1.0 [11^ 19] +
1.0 [18^ 10] +
1.0 [19^ 11])]
New fr values norm
0.03556686377947127

ITERATION NUMBER :  5

 unitary
[[ 0.9976856  -0.00140038 -0.00500954 -0.04479134  0.00868046  0.00990435
  -0.02841386 -0.02883057 -0.02750519 -0.00464693]
 [-0.00319324  0.99758413 -0.00394816 -0.03929028  0.0079641   0.00926436
  -0.02715055 -0.02690457 -0.03700802 -0.0166296 ]
 [ 0.01297351  0.0157636   0.90203405  0.00907723  0.02126722  0.02232975
  -0.05357409 -0.05234976  0.42183628 -0.0364409 ]
 [ 0.01989375  0.02620861  0.05356128  0.54694911  0.02892849  0.02870335
  -0.09819085 -0.1061677  -0.08596904  0.81665829]
 [-0.01498885 -0.0158916   0.01227022  0.00748341  0.98757744 -0.01146809
  -0.08696757 -0.04891212 -0.09739416 -0.06658931]
 [-0.01823895 -0.0194657   0.02804336 -0.0048731  -0.01731564  0.98111916
  -0.0595991  -0.09762644 -0.13497355 -0.06544303]
 [ 0.03087736  0.02962758  0.05832783  0.09581015  0.08818348  0.06149811
   0.98594709 -0.01346991 -0.00947344  0.04081526]
 [ 0.03135932  0.02948693  0.05781711  0.10006623  0.05022963  0.09963598
  -0.01433246  0.98476953 -0.01118225  0.04732036]
 [ 0.02437229  0.0335962  -0.41891739  0.08643717  0.09836052  0.14097136
   0.00334572  0.00228379  0.88482047  0.05331732]
 [-0.0310004  -0.01952268  0.01585429 -0.81882252  0.05467087  0.04674387
   0.05020148  0.05051603  0.0413742   0.56211955]]
Current Energy:  -74.21627526090111
true energy  -74.21862155999816
dvec
[((0.9414986605385567+0j), -1.0 [0^ 12] +
-1.0 [1^ 13] +
1.0 [12^ 0] +
1.0 [13^ 1]), ((1.027002598868551+0j), -1.0 [2^ 12] +
-1.0 [3^ 13] +
1.0 [12^ 2] +
1.0 [13^ 3]), ((0.09722945527573065+0j), -1.0 [4^ 12] +
-1.0 [5^ 13] +
1.0 [12^ 4] +
1.0 [13^ 5]), ((0.05328511392360627+0j), -1.0 [6^ 12] +
-1.0 [7^ 13] +
1.0 [12^ 6] +
1.0 [13^ 7]), ((0.0056531101104888015+0j), -1.0 [8^ 12] +
-1.0 [9^ 13] +
1.0 [12^ 8] +
1.0 [13^ 9]), ((0.039422431966248145+0j), -1.0 [10^ 12] +
-1.0 [11^ 13] +
1.0 [12^ 10] +
1.0 [13^ 11]), ((0.9365363342870432+0j), -1.0 [0^ 14] +
-1.0 [1^ 15] +
1.0 [14^ 0] +
1.0 [15^ 1]), ((0.9646440602870231+0j), -1.0 [2^ 14] +
-1.0 [3^ 15] +
1.0 [14^ 2] +
1.0 [15^ 3]), ((0.10139358359377398+0j), -1.0 [4^ 14] +
-1.0 [5^ 15] +
1.0 [14^ 4] +
1.0 [15^ 5]), ((0.036713339823927355+0j), -1.0 [6^ 14] +
-1.0 [7^ 15] +
1.0 [14^ 6] +
1.0 [15^ 7]), ((0.048986130271785264+0j), -1.0 [8^ 14] +
-1.0 [9^ 15] +
1.0 [14^ 8] +
1.0 [15^ 9]), ((0.021494976585266334+0j), -1.0 [10^ 14] +
-1.0 [11^ 15] +
1.0 [14^ 10] +
1.0 [15^ 11]), ((0.8407658184956454+0j), -1.0 [0^ 16] +
-1.0 [1^ 17] +
1.0 [16^ 0] +
1.0 [17^ 1]), ((0.8069836605690834+0j), -1.0 [2^ 16] +
-1.0 [3^ 17] +
1.0 [16^ 2] +
1.0 [17^ 3]), ((0.09542558861103057+0j), -1.0 [4^ 16] +
-1.0 [5^ 17] +
1.0 [16^ 4] +
1.0 [17^ 5]), ((0.026711731944547915+0j), -1.0 [6^ 16] +
-1.0 [7^ 17] +
1.0 [16^ 6] +
1.0 [17^ 7]), ((-0.003020151049303782+0j), -1.0 [8^ 16] +
-1.0 [9^ 17] +
1.0 [16^ 8] +
1.0 [17^ 9]), ((-0.04088549461845159+0j), -1.0 [10^ 16] +
-1.0 [11^ 17] +
1.0 [16^ 10] +
1.0 [17^ 11]), ((0.44598248038527427+0j), -1.0 [0^ 18] +
-1.0 [1^ 19] +
1.0 [18^ 0] +
1.0 [19^ 1]), ((0.42283054011512533+0j), -1.0 [2^ 18] +
-1.0 [3^ 19] +
1.0 [18^ 2] +
1.0 [19^ 3]), ((0.11649093873173788+0j), -1.0 [4^ 18] +
-1.0 [5^ 19] +
1.0 [18^ 4] +
1.0 [19^ 5]), ((0.16962780161572488+0j), -1.0 [6^ 18] +
-1.0 [7^ 19] +
1.0 [18^ 6] +
1.0 [19^ 7]), ((0.03317259173638862+0j), -1.0 [8^ 18] +
-1.0 [9^ 19] +
1.0 [18^ 8] +
1.0 [19^ 9]), ((0.042824100398961625+0j), -1.0 [10^ 18] +
-1.0 [11^ 19] +
1.0 [18^ 10] +
1.0 [19^ 11])]
New fr values norm
0.03322959647586572

ITERATION NUMBER :  6

 unitary
[[ 9.97778327e-01 -1.24879645e-03 -5.85469113e-03 -4.70503520e-02
   9.48723826e-03  1.08935867e-02 -2.57884125e-02 -2.62104159e-02
  -2.49607509e-02 -2.25673900e-03]
 [-3.07792480e-03  9.97756357e-01 -4.82391227e-03 -4.13339114e-02
   8.79928599e-03  1.03034304e-02 -2.44148720e-02 -2.39834301e-02
  -3.43651353e-02 -1.43239282e-02]
 [ 1.30418823e-02  1.59530469e-02  9.00855851e-01  3.33508217e-03
   2.26966300e-02  2.40153560e-02 -4.90120552e-02 -4.78511338e-02
   4.25756960e-01 -3.11487893e-02]
 [ 2.01365830e-02  2.65094478e-02  5.31779920e-02  5.44475854e-01
   3.02303794e-02  3.01587869e-02 -9.14573863e-02 -1.01431865e-01
  -8.36549239e-02  8.19838680e-01]
 [-1.50189573e-02 -1.59139940e-02  1.37137860e-02  4.76519101e-03
   9.87760298e-01 -1.12466075e-02 -8.64097937e-02 -4.42652069e-02
  -9.96584291e-02 -6.44642926e-02]
 [-1.89302135e-02 -2.03833794e-02  4.09789356e-02 -1.08481901e-02
  -1.96605546e-02  9.76982097e-01 -5.55975102e-02 -9.65837372e-02
  -1.61287085e-01 -6.41531542e-02]
 [ 2.82820340e-02  2.68532187e-02  5.40400087e-02  9.24064686e-02
   8.74791741e-02  5.73333643e-02  9.87193675e-01 -1.20322012e-02
  -9.92262782e-03  3.58531474e-02]
 [ 2.88121290e-02  2.65817791e-02  5.37402287e-02  9.77106369e-02
   4.54911868e-02  9.85229323e-02 -1.30922506e-02  9.85900120e-01
  -1.18122253e-02  4.40646207e-02]
 [ 2.09058825e-02  2.99280192e-02 -4.21706303e-01  8.50467062e-02
   1.00226874e-01  1.70086222e-01  1.99130576e-03 -1.30761793e-04
   8.78742261e-01  4.93093967e-02]
 [-3.46752654e-02 -2.30506483e-02  7.83628558e-03 -8.21068229e-01
   5.07851190e-02  4.17752148e-02  5.18437727e-02  5.22301666e-02
   3.94663027e-02  5.59244308e-01]]
Current Energy:  -74.23483924394733
true energy  -74.23467321794936
dvec
[((0.8336471595257569+0j), -1.0 [0^ 12] +
-1.0 [1^ 13] +
1.0 [12^ 0] +
1.0 [13^ 1]), ((0.8860880253844992+0j), -1.0 [2^ 12] +
-1.0 [3^ 13] +
1.0 [12^ 2] +
1.0 [13^ 3]), ((0.08848848885110716+0j), -1.0 [4^ 12] +
-1.0 [5^ 13] +
1.0 [12^ 4] +
1.0 [13^ 5]), ((0.05840827083479974+0j), -1.0 [6^ 12] +
-1.0 [7^ 13] +
1.0 [12^ 6] +
1.0 [13^ 7]), ((0.004963195679975357+0j), -1.0 [8^ 12] +
-1.0 [9^ 13] +
1.0 [12^ 8] +
1.0 [13^ 9]), ((0.03462231483640618+0j), -1.0 [10^ 12] +
-1.0 [11^ 13] +
1.0 [12^ 10] +
1.0 [13^ 11]), ((0.8553040899380882+0j), -1.0 [0^ 14] +
-1.0 [1^ 15] +
1.0 [14^ 0] +
1.0 [15^ 1]), ((0.9264614547164542+0j), -1.0 [2^ 14] +
-1.0 [3^ 15] +
1.0 [14^ 2] +
1.0 [15^ 3]), ((0.09235959814392602+0j), -1.0 [4^ 14] +
-1.0 [5^ 15] +
1.0 [14^ 4] +
1.0 [15^ 5]), ((0.03604087956788443+0j), -1.0 [6^ 14] +
-1.0 [7^ 15] +
1.0 [14^ 6] +
1.0 [15^ 7]), ((0.04585987184141806+0j), -1.0 [8^ 14] +
-1.0 [9^ 15] +
1.0 [14^ 8] +
1.0 [15^ 9]), ((0.022311757158995027+0j), -1.0 [10^ 14] +
-1.0 [11^ 15] +
1.0 [14^ 10] +
1.0 [15^ 11]), ((0.7155918555095576+0j), -1.0 [0^ 16] +
-1.0 [1^ 17] +
1.0 [16^ 0] +
1.0 [17^ 1]), ((0.7581942461771953+0j), -1.0 [2^ 16] +
-1.0 [3^ 17] +
1.0 [16^ 2] +
1.0 [17^ 3]), ((0.08299399478028935+0j), -1.0 [4^ 16] +
-1.0 [5^ 17] +
1.0 [16^ 4] +
1.0 [17^ 5]), ((0.01985557916784078+0j), -1.0 [6^ 16] +
-1.0 [7^ 17] +
1.0 [16^ 6] +
1.0 [17^ 7]), ((-0.002581821665980588+0j), -1.0 [8^ 16] +
-1.0 [9^ 17] +
1.0 [16^ 8] +
1.0 [17^ 9]), ((-0.04335432687888552+0j), -1.0 [10^ 16] +
-1.0 [11^ 17] +
1.0 [16^ 10] +
1.0 [17^ 11]), ((0.371795019112975+0j), -1.0 [0^ 18] +
-1.0 [1^ 19] +
1.0 [18^ 0] +
1.0 [19^ 1]), ((0.41218164155383774+0j), -1.0 [2^ 18] +
-1.0 [3^ 19] +
1.0 [18^ 2] +
1.0 [19^ 3]), ((0.10631305441306405+0j), -1.0 [4^ 18] +
-1.0 [5^ 19] +
1.0 [18^ 4] +
1.0 [19^ 5]), ((0.16536830915393796+0j), -1.0 [6^ 18] +
-1.0 [7^ 19] +
1.0 [18^ 6] +
1.0 [19^ 7]), ((0.03228124807750353+0j), -1.0 [8^ 18] +
-1.0 [9^ 19] +
1.0 [18^ 8] +
1.0 [19^ 9]), ((0.04255581438919245+0j), -1.0 [10^ 18] +
-1.0 [11^ 19] +
1.0 [18^ 10] +
1.0 [19^ 11])]
New fr values norm
0.032191289819860296

ITERATION NUMBER :  7

 unitary
[[ 9.97827251e-01 -1.15951207e-03 -6.51459211e-03 -4.85726735e-02
   1.00461757e-02  1.16388307e-02 -2.39285583e-02 -2.43608706e-02
  -2.31268603e-02 -6.49219649e-04]
 [-3.02025502e-03  9.97851780e-01 -5.43713219e-03 -4.27402200e-02
   9.35978167e-03  1.10421319e-02 -2.24032162e-02 -2.20897011e-02
  -3.26131166e-02 -1.27829943e-02]
 [ 1.30383920e-02  1.60360508e-02  9.00025599e-01 -9.95806514e-04
   2.36779649e-02  2.52441921e-02 -4.58108889e-02 -4.45273514e-02
   4.28370383e-01 -2.73011502e-02]
 [ 2.03104084e-02  2.67214755e-02  5.29630887e-02  5.42690164e-01
   3.12380832e-02  3.13143754e-02 -8.57635649e-02 -9.74535588e-02
  -8.21078736e-02  8.22195263e-01]
 [-1.50697016e-02 -1.59642519e-02  1.49849359e-02  2.68310582e-03
   9.87793390e-01 -1.12871726e-02 -8.60834269e-02 -4.09833737e-02
  -1.01834213e-01 -6.29517038e-02]
 [-1.95502641e-02 -2.12381086e-02  5.38495330e-02 -1.60311025e-02
  -2.22458927e-02  9.71819948e-01 -5.28318199e-02 -9.55380840e-02
  -1.87451663e-01 -6.34367229e-02]
 [ 2.64218309e-02  2.47881241e-02  5.09803135e-02  8.95431300e-02
   8.70287701e-02  5.44603071e-02  9.88085738e-01 -1.09816537e-02
  -1.01197455e-02  3.15294649e-02]
 [ 2.69997926e-02  2.46829090e-02  5.06985984e-02  9.57380600e-02
   4.21392293e-02  9.74912463e-02 -1.21919962e-02  9.86736004e-01
  -1.22272066e-02  4.12224845e-02]
 [ 1.81992746e-02  2.72343862e-02 -4.22823544e-01  8.38865158e-02
   1.01968750e-01  1.99126268e-01  5.25746751e-04 -2.72474860e-03
   8.72321674e-01  4.59203379e-02]
 [-3.71687976e-02 -2.54551394e-02  1.84952088e-03 -8.22687955e-01
   4.79269849e-02  3.79683948e-02  5.29866809e-02  5.34376994e-02
   3.81221137e-02  5.57042689e-01]]
Current Energy:  -74.24562805954676
true energy  -74.24649533689765
dvec
[((0.7986591863775723+0j), -1.0 [0^ 12] +
-1.0 [1^ 13] +
1.0 [12^ 0] +
1.0 [13^ 1]), ((0.8466233400250314+0j), -1.0 [2^ 12] +
-1.0 [3^ 13] +
1.0 [12^ 2] +
1.0 [13^ 3]), ((0.08179723811629763+0j), -1.0 [4^ 12] +
-1.0 [5^ 13] +
1.0 [12^ 4] +
1.0 [13^ 5]), ((0.06212318882619694+0j), -1.0 [6^ 12] +
-1.0 [7^ 13] +
1.0 [12^ 6] +
1.0 [13^ 7]), ((0.002108160050270036+0j), -1.0 [8^ 12] +
-1.0 [9^ 13] +
1.0 [12^ 8] +
1.0 [13^ 9]), ((0.030150407229158654+0j), -1.0 [10^ 12] +
-1.0 [11^ 13] +
1.0 [12^ 10] +
1.0 [13^ 11]), ((0.7833345840869096+0j), -1.0 [0^ 14] +
-1.0 [1^ 15] +
1.0 [14^ 0] +
1.0 [15^ 1]), ((0.846432095066953+0j), -1.0 [2^ 14] +
-1.0 [3^ 15] +
1.0 [14^ 2] +
1.0 [15^ 3]), ((0.08409239576183633+0j), -1.0 [4^ 14] +
-1.0 [5^ 15] +
1.0 [14^ 4] +
1.0 [15^ 5]), ((0.036504956507333014+0j), -1.0 [6^ 14] +
-1.0 [7^ 15] +
1.0 [14^ 6] +
1.0 [15^ 7]), ((0.04187223669765722+0j), -1.0 [8^ 14] +
-1.0 [9^ 15] +
1.0 [14^ 8] +
1.0 [15^ 9]), ((0.026247114629076418+0j), -1.0 [10^ 14] +
-1.0 [11^ 15] +
1.0 [14^ 10] +
1.0 [15^ 11]), ((0.6663976299639048+0j), -1.0 [0^ 16] +
-1.0 [1^ 17] +
1.0 [16^ 0] +
1.0 [17^ 1]), ((0.7381867549061759+0j), -1.0 [2^ 16] +
-1.0 [3^ 17] +
1.0 [16^ 2] +
1.0 [17^ 3]), ((0.07025741467662094+0j), -1.0 [4^ 16] +
-1.0 [5^ 17] +
1.0 [16^ 4] +
1.0 [17^ 5]), ((0.01633013598733113+0j), -1.0 [6^ 16] +
-1.0 [7^ 17] +
1.0 [16^ 6] +
1.0 [17^ 7]), ((-0.0021079288224142845+0j), -1.0 [8^ 16] +
-1.0 [9^ 17] +
1.0 [16^ 8] +
1.0 [17^ 9]), ((-0.045264735247968146+0j), -1.0 [10^ 16] +
-1.0 [11^ 17] +
1.0 [16^ 10] +
1.0 [17^ 11]), ((0.3615588949747819+0j), -1.0 [0^ 18] +
-1.0 [1^ 19] +
1.0 [18^ 0] +
1.0 [19^ 1]), ((0.3490144478212202+0j), -1.0 [2^ 18] +
-1.0 [3^ 19] +
1.0 [18^ 2] +
1.0 [19^ 3]), ((0.09932145349775859+0j), -1.0 [4^ 18] +
-1.0 [5^ 19] +
1.0 [18^ 4] +
1.0 [19^ 5]), ((0.1601462756708445+0j), -1.0 [6^ 18] +
-1.0 [7^ 19] +
1.0 [18^ 6] +
1.0 [19^ 7]), ((0.030219177728951302+0j), -1.0 [8^ 18] +
-1.0 [9^ 19] +
1.0 [18^ 8] +
1.0 [19^ 9]), ((0.03947082223779813+0j), -1.0 [10^ 18] +
-1.0 [11^ 19] +
1.0 [18^ 10] +
1.0 [19^ 11])]
New fr values norm
0.03192217002815514

ITERATION NUMBER :  8

 unitary
[[ 9.97855448e-01 -1.10360342e-03 -7.00188835e-03 -4.96301145e-02
   1.04450217e-02  1.22134899e-02 -2.25633531e-02 -2.29632330e-02
  -2.18222431e-02  4.68121310e-04]
 [-2.99275534e-03  9.97909538e-01 -5.95052880e-03 -4.39287410e-02
   9.78787016e-03  1.16569572e-02 -2.09478335e-02 -2.05724950e-02
  -3.12303291e-02 -1.15496206e-02]
 [ 1.30080762e-02  1.60710446e-02  8.99387082e-01 -4.40696441e-03
   2.44062734e-02  2.62053846e-02 -4.33568179e-02 -4.19803033e-02
   4.30277433e-01 -2.43464304e-02]
 [ 2.04459148e-02  2.68821741e-02  5.29382491e-02  5.41254343e-01
   3.20755502e-02  3.22494828e-02 -8.04003293e-02 -9.40947158e-02
  -8.11685426e-02  8.24090626e-01]
 [-1.51255528e-02 -1.60221409e-02  1.61398160e-02  8.95958216e-04
   9.87766758e-01 -1.14694405e-02 -8.58233485e-02 -3.83731664e-02
  -1.03884806e-01 -6.17113971e-02]
 [-2.01077155e-02 -2.20343750e-02  6.66718753e-02 -2.07760473e-02
  -2.49813934e-02  9.65702936e-01 -5.06803248e-02 -9.45280036e-02
  -2.13434527e-01 -6.29985472e-02]
 [ 2.50295382e-02  2.32737543e-02  4.85684543e-02  8.68298864e-02
   8.66575844e-02  5.22521057e-02  9.88806959e-01 -1.01166586e-02
  -1.01560966e-02  2.73681663e-02]
 [ 2.56203446e-02  2.31640138e-02  4.83439890e-02  9.40882171e-02
   3.94846007e-02  9.65895027e-02 -1.14943306e-02  9.87388990e-01
  -1.24780144e-02  3.87799967e-02]
 [ 1.60662233e-02  2.49447053e-02 -4.22854693e-01  8.29037055e-02
   1.03537227e-01  2.28042325e-01 -9.87625972e-04 -5.41365859e-03
   8.65351025e-01  4.30648737e-02]
 [-3.89126824e-02 -2.74172449e-02 -2.86750524e-03 -8.23974477e-01
   4.55502615e-02  3.48047435e-02  5.38666660e-02  5.43744879e-02
   3.72002724e-02  5.55214983e-01]]
Current Energy:  -74.25851383819453
true energy  -74.25677296867161
dvec
[((0.6642339675609953+0j), -1.0 [0^ 12] +
-1.0 [1^ 13] +
1.0 [12^ 0] +
1.0 [13^ 1]), ((0.755261447174544+0j), -1.0 [2^ 12] +
-1.0 [3^ 13] +
1.0 [12^ 2] +
1.0 [13^ 3]), ((0.07971290580379553+0j), -1.0 [4^ 12] +
-1.0 [5^ 13] +
1.0 [12^ 4] +
1.0 [13^ 5]), ((0.06687717665799425+0j), -1.0 [6^ 12] +
-1.0 [7^ 13] +
1.0 [12^ 6] +
1.0 [13^ 7]), ((0.008066713724121016+0j), -1.0 [8^ 12] +
-1.0 [9^ 13] +
1.0 [12^ 8] +
1.0 [13^ 9]), ((0.029951791535487923+0j), -1.0 [10^ 12] +
-1.0 [11^ 13] +
1.0 [12^ 10] +
1.0 [13^ 11]), ((0.7319882054711191+0j), -1.0 [0^ 14] +
-1.0 [1^ 15] +
1.0 [14^ 0] +
1.0 [15^ 1]), ((0.7761539736532216+0j), -1.0 [2^ 14] +
-1.0 [3^ 15] +
1.0 [14^ 2] +
1.0 [15^ 3]), ((0.07633323238040532+0j), -1.0 [4^ 14] +
-1.0 [5^ 15] +
1.0 [14^ 4] +
1.0 [15^ 5]), ((0.03665410798849478+0j), -1.0 [6^ 14] +
-1.0 [7^ 15] +
1.0 [14^ 6] +
1.0 [15^ 7]), ((0.04403381667947137+0j), -1.0 [8^ 14] +
-1.0 [9^ 15] +
1.0 [14^ 8] +
1.0 [15^ 9]), ((0.02091059975121401+0j), -1.0 [10^ 14] +
-1.0 [11^ 15] +
1.0 [14^ 10] +
1.0 [15^ 11]), ((0.67713596552461+0j), -1.0 [0^ 16] +
-1.0 [1^ 17] +
1.0 [16^ 0] +
1.0 [17^ 1]), ((0.6532398751376245+0j), -1.0 [2^ 16] +
-1.0 [3^ 17] +
1.0 [16^ 2] +
1.0 [17^ 3]), ((0.059800170506210115+0j), -1.0 [4^ 16] +
-1.0 [5^ 17] +
1.0 [16^ 4] +
1.0 [17^ 5]), ((0.012203403449280614+0j), -1.0 [6^ 16] +
-1.0 [7^ 17] +
1.0 [16^ 6] +
1.0 [17^ 7]), ((-0.002069845562318373+0j), -1.0 [8^ 16] +
-1.0 [9^ 17] +
1.0 [16^ 8] +
1.0 [17^ 9]), ((-0.04746159970702968+0j), -1.0 [10^ 16] +
-1.0 [11^ 17] +
1.0 [16^ 10] +
1.0 [17^ 11]), ((0.3147997257798571+0j), -1.0 [0^ 18] +
-1.0 [1^ 19] +
1.0 [18^ 0] +
1.0 [19^ 1]), ((0.2568963389236398+0j), -1.0 [2^ 18] +
-1.0 [3^ 19] +
1.0 [18^ 2] +
1.0 [19^ 3]), ((0.09538424616188328+0j), -1.0 [4^ 18] +
-1.0 [5^ 19] +
1.0 [18^ 4] +
1.0 [19^ 5]), ((0.15267970288578958+0j), -1.0 [6^ 18] +
-1.0 [7^ 19] +
1.0 [18^ 6] +
1.0 [19^ 7]), ((0.030723567148460598+0j), -1.0 [8^ 18] +
-1.0 [9^ 19] +
1.0 [18^ 8] +
1.0 [19^ 9]), ((0.04050937728582521+0j), -1.0 [10^ 18] +
-1.0 [11^ 19] +
1.0 [18^ 10] +
1.0 [19^ 11])]
New fr values norm
0.031733925725901925

ITERATION NUMBER :  9

 unitary
[[ 9.97869738e-01 -1.06424309e-03 -7.45660539e-03 -5.06413649e-02
   1.08030885e-02  1.27623257e-02 -2.13090386e-02 -2.17346710e-02
  -2.06499558e-02  1.49300858e-03]
 [-2.97005463e-03  9.97957539e-01 -6.45619670e-03 -4.48684056e-02
   1.01679593e-02  1.22507157e-02 -1.96265491e-02 -1.92547745e-02
  -2.99413880e-02 -1.05437937e-02]
 [ 1.29579651e-02  1.60776412e-02  8.98849421e-01 -7.54701122e-03
   2.50284718e-02  2.70583761e-02 -4.11672805e-02 -3.97419793e-02
   4.31836353e-01 -2.17019805e-02]
 [ 2.05715353e-02  2.70268376e-02  5.29908824e-02  5.39950676e-01
   3.28814791e-02  3.31365442e-02 -7.48360024e-02 -9.07716277e-02
  -8.04529986e-02  8.25832776e-01]
 [-1.51826804e-02 -1.60809025e-02  1.71703927e-02 -7.51783061e-04
   9.87717936e-01 -1.17208326e-02 -8.56641624e-02 -3.60651685e-02
  -1.05740791e-01 -6.05907914e-02]
 [-2.06024675e-02 -2.27666931e-02  7.94576646e-02 -2.52318337e-02
  -2.78049862e-02  9.58691773e-01 -4.87823783e-02 -9.33374648e-02
  -2.39212658e-01 -6.26874619e-02]
 [ 2.37378697e-02  2.18694849e-02  4.63689566e-02  8.40131081e-02
   8.63796074e-02  5.03255560e-02  9.89463856e-01 -9.30774198e-03
  -1.01081997e-02  2.29853405e-02]
 [ 2.44087979e-02  2.18313735e-02  4.62410010e-02  9.24624869e-02
   3.71427111e-02  9.55880188e-02 -1.08688439e-02  9.87991365e-01
  -1.26058259e-02  3.63240245e-02]
 [ 1.40676265e-02  2.27295263e-02 -4.22156544e-01  8.19052779e-02
   1.04829433e-01  2.56779070e-01 -2.47500396e-03 -8.11005127e-03
   8.57747721e-01  4.04115883e-02]
 [-4.05452625e-02 -2.90214674e-02 -7.18337870e-03 -8.25145678e-01
   4.33846000e-02  3.20053199e-02  5.46305934e-02  5.51907814e-02
   3.64105232e-02  5.53474508e-01]]
Current Energy:  -74.26270891779158
true energy  -74.2653631308217
dvec
[((0.7132344583662859+0j), -1.0 [0^ 12] +
-1.0 [1^ 13] +
1.0 [12^ 0] +
1.0 [13^ 1]), ((0.8220945995927625+0j), -1.0 [2^ 12] +
-1.0 [3^ 13] +
1.0 [12^ 2] +
1.0 [13^ 3]), ((0.06955002299134168+0j), -1.0 [4^ 12] +
-1.0 [5^ 13] +
1.0 [12^ 4] +
1.0 [13^ 5]), ((0.06561198152609587+0j), -1.0 [6^ 12] +
-1.0 [7^ 13] +
1.0 [12^ 6] +
1.0 [13^ 7]), ((0.009644503280717087+0j), -1.0 [8^ 12] +
-1.0 [9^ 13] +
1.0 [12^ 8] +
1.0 [13^ 9]), ((0.02671987875846163+0j), -1.0 [10^ 12] +
-1.0 [11^ 13] +
1.0 [12^ 10] +
1.0 [13^ 11]), ((0.6914360989356682+0j), -1.0 [0^ 14] +
-1.0 [1^ 15] +
1.0 [14^ 0] +
1.0 [15^ 1]), ((0.7840569282765713+0j), -1.0 [2^ 14] +
-1.0 [3^ 15] +
1.0 [14^ 2] +
1.0 [15^ 3]), ((0.07079135479749876+0j), -1.0 [4^ 14] +
-1.0 [5^ 15] +
1.0 [14^ 4] +
1.0 [15^ 5]), ((0.03527718061109894+0j), -1.0 [6^ 14] +
-1.0 [7^ 15] +
1.0 [14^ 6] +
1.0 [15^ 7]), ((0.04165099750430447+0j), -1.0 [8^ 14] +
-1.0 [9^ 15] +
1.0 [14^ 8] +
1.0 [15^ 9]), ((0.019937616869247804+0j), -1.0 [10^ 14] +
-1.0 [11^ 15] +
1.0 [14^ 10] +
1.0 [15^ 11]), ((0.5921771748802764+0j), -1.0 [0^ 16] +
-1.0 [1^ 17] +
1.0 [16^ 0] +
1.0 [17^ 1]), ((0.6567496154284904+0j), -1.0 [2^ 16] +
-1.0 [3^ 17] +
1.0 [16^ 2] +
1.0 [17^ 3]), ((0.04590296518494419+0j), -1.0 [4^ 16] +
-1.0 [5^ 17] +
1.0 [16^ 4] +
1.0 [17^ 5]), ((0.003633740967548857+0j), -1.0 [6^ 16] +
-1.0 [7^ 17] +
1.0 [16^ 6] +
1.0 [17^ 7]), ((-0.0008012830885140432+0j), -1.0 [8^ 16] +
-1.0 [9^ 17] +
1.0 [16^ 8] +
1.0 [17^ 9]), ((-0.048278792840919516+0j), -1.0 [10^ 16] +
-1.0 [11^ 17] +
1.0 [16^ 10] +
1.0 [17^ 11]), ((0.2771086723146054+0j), -1.0 [0^ 18] +
-1.0 [1^ 19] +
1.0 [18^ 0] +
1.0 [19^ 1]), ((0.3195597877733328+0j), -1.0 [2^ 18] +
-1.0 [3^ 19] +
1.0 [18^ 2] +
1.0 [19^ 3]), ((0.08555238948798562+0j), -1.0 [4^ 18] +
-1.0 [5^ 19] +
1.0 [18^ 4] +
1.0 [19^ 5]), ((0.15068156925948828+0j), -1.0 [6^ 18] +
-1.0 [7^ 19] +
1.0 [18^ 6] +
1.0 [19^ 7]), ((0.03139237785783641+0j), -1.0 [8^ 18] +
-1.0 [9^ 19] +
1.0 [18^ 8] +
1.0 [19^ 9]), ((0.038000199369419646+0j), -1.0 [10^ 18] +
-1.0 [11^ 19] +
1.0 [18^ 10] +
1.0 [19^ 11])]
New fr values norm
0.03196160456158456

ITERATION NUMBER :  10

 unitary
[[ 0.99787776 -0.00103442 -0.00791486 -0.0514556   0.0111086   0.01328843
  -0.02034075 -0.02067679 -0.01954295  0.00232485]
 [-0.00294829  0.99799748 -0.00688396 -0.04547087  0.01047136  0.01276878
  -0.01854715 -0.01815025 -0.02888518 -0.00984259]
 [ 0.01289382  0.01606363  0.89840876 -0.01043938  0.02555843  0.02779921
  -0.03917519 -0.03783489  0.43308472 -0.01933518]
 [ 0.02068958  0.02715751  0.05312733  0.53884007  0.03363897  0.03393892
  -0.06915227 -0.0876083  -0.07997901  0.82736084]
 [-0.0152408  -0.01614539  0.01838559 -0.0023708   0.9876194  -0.01216376
  -0.08532087 -0.03378697 -0.10797493 -0.05952789]
 [-0.0210465  -0.02344532  0.09218318 -0.02958548 -0.0307018   0.95078193
  -0.04692335 -0.09227843 -0.26475496 -0.06239506]
 [ 0.02272081  0.02068604  0.04430837  0.08112193  0.08592394  0.0484933
   0.99008285 -0.00853295 -0.00994821  0.0184798 ]
 [ 0.02335698  0.02069376  0.04443734  0.09091318  0.03484694  0.09480901
  -0.01031527  0.98851595 -0.01265532  0.03395501]
 [ 0.01211243  0.02073997 -0.42075083  0.08090313  0.10650489  0.2853039
  -0.00399402 -0.01083508  0.84943043  0.03794139]
 [-0.04187185 -0.03012878 -0.01114545 -0.82616882  0.04131515  0.02937391
   0.0552962   0.05590612  0.03577346  0.55193043]]
Current Energy:  -74.27447057511237
true energy  -74.27449421487731
dvec
[((0.7300621027280692+0j), -1.0 [0^ 12] +
-1.0 [1^ 13] +
1.0 [12^ 0] +
1.0 [13^ 1]), ((0.7581192631326688+0j), -1.0 [2^ 12] +
-1.0 [3^ 13] +
1.0 [12^ 2] +
1.0 [13^ 3]), ((0.06683194483592476+0j), -1.0 [4^ 12] +
-1.0 [5^ 13] +
1.0 [12^ 4] +
1.0 [13^ 5]), ((0.06534319071981942+0j), -1.0 [6^ 12] +
-1.0 [7^ 13] +
1.0 [12^ 6] +
1.0 [13^ 7]), ((0.014674202328605307+0j), -1.0 [8^ 12] +
-1.0 [9^ 13] +
1.0 [12^ 8] +
1.0 [13^ 9]), ((0.025139607281588913+0j), -1.0 [10^ 12] +
-1.0 [11^ 13] +
1.0 [12^ 10] +
1.0 [13^ 11]), ((0.6252787505381087+0j), -1.0 [0^ 14] +
-1.0 [1^ 15] +
1.0 [14^ 0] +
1.0 [15^ 1]), ((0.6310854660984915+0j), -1.0 [2^ 14] +
-1.0 [3^ 15] +
1.0 [14^ 2] +
1.0 [15^ 3]), ((0.05955068982359338+0j), -1.0 [4^ 14] +
-1.0 [5^ 15] +
1.0 [14^ 4] +
1.0 [15^ 5]), ((0.03499042797848101+0j), -1.0 [6^ 14] +
-1.0 [7^ 15] +
1.0 [14^ 6] +
1.0 [15^ 7]), ((0.04264839773541347+0j), -1.0 [8^ 14] +
-1.0 [9^ 15] +
1.0 [14^ 8] +
1.0 [15^ 9]), ((0.016551922322742774+0j), -1.0 [10^ 14] +
-1.0 [11^ 15] +
1.0 [14^ 10] +
1.0 [15^ 11]), ((0.5409248187597612+0j), -1.0 [0^ 16] +
-1.0 [1^ 17] +
1.0 [16^ 0] +
1.0 [17^ 1]), ((0.5404669610058297+0j), -1.0 [2^ 16] +
-1.0 [3^ 17] +
1.0 [16^ 2] +
1.0 [17^ 3]), ((0.03793160765103465+0j), -1.0 [4^ 16] +
-1.0 [5^ 17] +
1.0 [16^ 4] +
1.0 [17^ 5]), ((0.0044101286266220036+0j), -1.0 [6^ 16] +
-1.0 [7^ 17] +
1.0 [16^ 6] +
1.0 [17^ 7]), ((-0.0011553694972725875+0j), -1.0 [8^ 16] +
-1.0 [9^ 17] +
1.0 [16^ 8] +
1.0 [17^ 9]), ((-0.049784843160973424+0j), -1.0 [10^ 16] +
-1.0 [11^ 17] +
1.0 [16^ 10] +
1.0 [17^ 11]), ((0.23188180291886024+0j), -1.0 [0^ 18] +
-1.0 [1^ 19] +
1.0 [18^ 0] +
1.0 [19^ 1]), ((0.2224443933841867+0j), -1.0 [2^ 18] +
-1.0 [3^ 19] +
1.0 [18^ 2] +
1.0 [19^ 3]), ((0.08801272681752473+0j), -1.0 [4^ 18] +
-1.0 [5^ 19] +
1.0 [18^ 4] +
1.0 [19^ 5]), ((0.15047259431131232+0j), -1.0 [6^ 18] +
-1.0 [7^ 19] +
1.0 [18^ 6] +
1.0 [19^ 7]), ((0.03116775097096182+0j), -1.0 [8^ 18] +
-1.0 [9^ 19] +
1.0 [18^ 8] +
1.0 [19^ 9]), ((0.040062225481342584+0j), -1.0 [10^ 18] +
-1.0 [11^ 19] +
1.0 [18^ 10] +
1.0 [19^ 11])]
New fr values norm
0.0318825858331365

ITERATION NUMBER :  11

 unitary
[[ 0.99788545 -0.00100561 -0.00838022 -0.05226631  0.01143419  0.01387175
  -0.01916272 -0.01953927 -0.01842466  0.00316251]
 [-0.00294062  0.99802908 -0.00739657 -0.04641346  0.01083983  0.01342171
  -0.01718837 -0.0168582  -0.02764552 -0.0088788 ]
 [ 0.01281213  0.01603151  0.89801178 -0.01347236  0.02606929  0.02853238
  -0.03717222 -0.0358106   0.43419851 -0.01691025]
 [ 0.02080002  0.02727682  0.05343923  0.53750888  0.03442618  0.0346986
  -0.06273147 -0.08409103 -0.0798322   0.82902528]
 [-0.01529118 -0.01618552  0.01894435 -0.00414399  0.98770092 -0.01219851
  -0.08486684 -0.03133015 -0.10887701 -0.05820714]
 [-0.02144021 -0.02406894  0.1048486  -0.03402153 -0.03361831  0.94202375
  -0.0449332  -0.09105384 -0.29003715 -0.06196804]
 [ 0.02148181  0.01922908  0.04218271  0.07788904  0.08534709  0.0465638
