ITERATION NUMBER :  0

 unitary
[[1. 0. 0. 0. 0. 0. 0. 0. 0. 0.]
 [0. 1. 0. 0. 0. 0. 0. 0. 0. 0.]
 [0. 0. 1. 0. 0. 0. 0. 0. 0. 0.]
 [0. 0. 0. 1. 0. 0. 0. 0. 0. 0.]
 [0. 0. 0. 0. 1. 0. 0. 0. 0. 0.]
 [0. 0. 0. 0. 0. 1. 0. 0. 0. 0.]
 [0. 0. 0. 0. 0. 0. 1. 0. 0. 0.]
 [0. 0. 0. 0. 0. 0. 0. 1. 0. 0.]
 [0. 0. 0. 0. 0. 0. 0. 0. 1. 0.]
 [0. 0. 0. 0. 0. 0. 0. 0. 0. 1.]]
Current Energy:  -70.64534874663082
true energy  -70.64323013153005
dvec
[((4.019403698866954+0j), -1.0 [0^ 10] +
-1.0 [1^ 11] +
1.0 [10^ 0] +
1.0 [11^ 1]), ((4.1908103331419975+0j), -1.0 [2^ 10] +
-1.0 [3^ 11] +
1.0 [10^ 2] +
1.0 [11^ 3]), ((0.4167872999808281+0j), -1.0 [4^ 10] +
-1.0 [5^ 11] +
1.0 [10^ 4] +
1.0 [11^ 5]), ((0.5755578275033895+0j), -1.0 [6^ 10] +
-1.0 [7^ 11] +
1.0 [10^ 6] +
1.0 [11^ 7]), ((0.5746173596730697+0j), -1.0 [8^ 10] +
-1.0 [9^ 11] +
1.0 [10^ 8] +
1.0 [11^ 9]), ((3.603523252955881+0j), -1.0 [0^ 12] +
-1.0 [1^ 13] +
1.0 [12^ 0] +
1.0 [13^ 1]), ((3.691083183937576+0j), -1.0 [2^ 12] +
-1.0 [3^ 13] +
1.0 [12^ 2] +
1.0 [13^ 3]), ((0.2899496088321618+0j), -1.0 [4^ 12] +
-1.0 [5^ 13] +
1.0 [12^ 4] +
1.0 [13^ 5]), ((0.24806150055437284+0j), -1.0 [6^ 12] +
-1.0 [7^ 13] +
1.0 [12^ 6] +
1.0 [13^ 7]), ((0.20369143879940577+0j), -1.0 [8^ 12] +
-1.0 [9^ 13] +
1.0 [12^ 8] +
1.0 [13^ 9]), ((3.7127646570064243+0j), -1.0 [0^ 14] +
-1.0 [1^ 15] +
1.0 [14^ 0] +
1.0 [15^ 1]), ((3.7408217888656257+0j), -1.0 [2^ 14] +
-1.0 [3^ 15] +
1.0 [14^ 2] +
1.0 [15^ 3]), ((0.2982651628506612+0j), -1.0 [4^ 14] +
-1.0 [5^ 15] +
1.0 [14^ 4] +
1.0 [15^ 5]), ((0.18626111893704808+0j), -1.0 [6^ 14] +
-1.0 [7^ 15] +
1.0 [14^ 6] +
1.0 [15^ 7]), ((0.014655668666960192+0j), -1.0 [8^ 14] +
-1.0 [9^ 15] +
1.0 [14^ 8] +
1.0 [15^ 9]), ((2.935927981770953+0j), -1.0 [0^ 16] +
-1.0 [1^ 17] +
1.0 [16^ 0] +
1.0 [17^ 1]), ((3.0048228678873414+0j), -1.0 [2^ 16] +
-1.0 [3^ 17] +
1.0 [16^ 2] +
1.0 [17^ 3]), ((0.26188639751750753+0j), -1.0 [4^ 16] +
-1.0 [5^ 17] +
1.0 [16^ 4] +
1.0 [17^ 5]), ((0.007635199985770891+0j), -1.0 [6^ 16] +
-1.0 [7^ 17] +
1.0 [16^ 6] +
1.0 [17^ 7]), ((0.07471520903854975+0j), -1.0 [8^ 16] +
-1.0 [9^ 17] +
1.0 [16^ 8] +
1.0 [17^ 9]), ((4.035374998876027+0j), -1.0 [0^ 18] +
-1.0 [1^ 19] +
1.0 [18^ 0] +
1.0 [19^ 1]), ((4.16617726950031+0j), -1.0 [2^ 18] +
-1.0 [3^ 19] +
1.0 [18^ 2] +
1.0 [19^ 3]), ((0.5471927230289496+0j), -1.0 [4^ 18] +
-1.0 [5^ 19] +
1.0 [18^ 4] +
1.0 [19^ 5]), ((0.41861771398244385+0j), -1.0 [6^ 18] +
-1.0 [7^ 19] +
1.0 [18^ 6] +
1.0 [19^ 7]), ((0.4691108010179352+0j), -1.0 [8^ 18] +
-1.0 [9^ 19] +
1.0 [18^ 8] +
1.0 [19^ 9])]
New fr values norm
0.10989351732087826

ITERATION NUMBER :  1

 unitary
[[ 0.97720105 -0.02339557 -0.03581732 -0.02348571 -0.02348571 -0.09582601
  -0.09565024 -0.09565024 -0.07447197 -0.0954887 ]
 [-0.02339557  0.97539864 -0.03926959 -0.02423297 -0.02423297 -0.07330993
  -0.09542217 -0.09542217 -0.09138874 -0.11574342]
 [-0.03581732 -0.03926959  0.89704525 -0.03935901 -0.03935901 -0.09162796
  -0.09133208 -0.09133208 -0.39498842 -0.09106016]
 [-0.02348571 -0.02423297 -0.03935901  0.97567693 -0.02432307 -0.09560455
  -0.09542244 -0.09542244 -0.09138012 -0.09525508]
 [-0.02348571 -0.02423297 -0.03935901 -0.02432307  0.97567693 -0.09560455
  -0.09542244 -0.09542244 -0.09138012 -0.09525508]
 [ 0.09582601  0.07330993  0.09162796  0.09560455  0.09560455  0.97760361
  -0.02323803 -0.02323803 -0.03743663 -0.02401151]
 [ 0.09565024  0.09542217  0.09133208  0.09542244  0.09542244 -0.02323803
   0.97567278 -0.02432722 -0.03850318 -0.02532819]
 [ 0.09565024  0.09542217  0.09133208  0.09542244  0.09542244 -0.02323803
  -0.02432722  0.97567278 -0.03850318 -0.02532819]
 [ 0.07447197  0.09138874  0.39498842  0.09138012  0.09138012 -0.03743663
  -0.03850318 -0.03850318  0.89858784 -0.03948334]
 [ 0.0954887   0.11574342  0.09106016  0.09525508  0.09525508 -0.02401151
  -0.02532819 -0.02532819 -0.03948334  0.97346178]]
Current Energy:  -71.64785907423683
true energy  -71.64185625425698
dvec
[((3.175703279872245+0j), -1.0 [0^ 10] +
-1.0 [1^ 11] +
1.0 [10^ 0] +
1.0 [11^ 1]), ((3.2182367967737173+0j), -1.0 [2^ 10] +
-1.0 [3^ 11] +
1.0 [10^ 2] +
1.0 [11^ 3]), ((0.45631796677145264+0j), -1.0 [4^ 10] +
-1.0 [5^ 11] +
1.0 [10^ 4] +
1.0 [11^ 5]), ((0.461494449538032+0j), -1.0 [6^ 10] +
-1.0 [7^ 11] +
1.0 [10^ 6] +
1.0 [11^ 7]), ((0.4534189155314111+0j), -1.0 [8^ 10] +
-1.0 [9^ 11] +
1.0 [10^ 8] +
1.0 [11^ 9]), ((2.8204742725095877+0j), -1.0 [0^ 12] +
-1.0 [1^ 13] +
1.0 [12^ 0] +
1.0 [13^ 1]), ((2.9106786236225366+0j), -1.0 [2^ 12] +
-1.0 [3^ 13] +
1.0 [12^ 2] +
1.0 [13^ 3]), ((0.26643028078752545+0j), -1.0 [4^ 12] +
-1.0 [5^ 13] +
1.0 [12^ 4] +
1.0 [13^ 5]), ((0.14288643645924987+0j), -1.0 [6^ 12] +
-1.0 [7^ 13] +
1.0 [12^ 6] +
1.0 [13^ 7]), ((0.17286804822180352+0j), -1.0 [8^ 12] +
-1.0 [9^ 13] +
1.0 [12^ 8] +
1.0 [13^ 9]), ((2.8282415309906144+0j), -1.0 [0^ 14] +
-1.0 [1^ 15] +
1.0 [14^ 0] +
1.0 [15^ 1]), ((2.8123155526628443+0j), -1.0 [2^ 14] +
-1.0 [3^ 15] +
1.0 [14^ 2] +
1.0 [15^ 3]), ((0.2597464765124251+0j), -1.0 [4^ 14] +
-1.0 [5^ 15] +
1.0 [14^ 4] +
1.0 [15^ 5]), ((0.16909308814314813+0j), -1.0 [6^ 14] +
-1.0 [7^ 15] +
1.0 [14^ 6] +
1.0 [15^ 7]), ((0.1201889045405104+0j), -1.0 [8^ 14] +
-1.0 [9^ 15] +
1.0 [14^ 8] +
1.0 [15^ 9]), ((2.415163537311262+0j), -1.0 [0^ 16] +
-1.0 [1^ 17] +
1.0 [16^ 0] +
1.0 [17^ 1]), ((2.459249939795136+0j), -1.0 [2^ 16] +
-1.0 [3^ 17] +
1.0 [16^ 2] +
1.0 [17^ 3]), ((0.21654167880067487+0j), -1.0 [4^ 16] +
-1.0 [5^ 17] +
1.0 [16^ 4] +
1.0 [17^ 5]), ((0.027620483647897542+0j), -1.0 [6^ 16] +
-1.0 [7^ 17] +
1.0 [16^ 6] +
1.0 [17^ 7]), ((0.06024833497451912+0j), -1.0 [8^ 16] +
-1.0 [9^ 17] +
1.0 [16^ 8] +
1.0 [17^ 9]), ((3.0302304434063454+0j), -1.0 [0^ 18] +
-1.0 [1^ 19] +
1.0 [18^ 0] +
1.0 [19^ 1]), ((3.1849469048094914+0j), -1.0 [2^ 18] +
-1.0 [3^ 19] +
1.0 [18^ 2] +
1.0 [19^ 3]), ((0.45306505358215865+0j), -1.0 [4^ 18] +
-1.0 [5^ 19] +
1.0 [18^ 4] +
1.0 [19^ 5]), ((0.3224144792988756+0j), -1.0 [6^ 18] +
-1.0 [7^ 19] +
1.0 [18^ 6] +
1.0 [19^ 7]), ((0.35387779633599104+0j), -1.0 [8^ 18] +
-1.0 [9^ 19] +
1.0 [18^ 8] +
1.0 [19^ 9])]
New fr values norm
0.10551311642355865

ITERATION NUMBER :  2

 unitary
[[ 0.98792423 -0.01233554 -0.01648381 -0.01155298 -0.01151772 -0.07094279
  -0.07262218 -0.07185469 -0.05484037 -0.06955774]
 [-0.01235743  0.98677042 -0.01941156 -0.01195643 -0.01192237 -0.0471655
  -0.0717317  -0.07138788 -0.0713024  -0.08899013]
 [-0.02948253 -0.03257823  0.90776994 -0.0323886  -0.0323851  -0.07853674
  -0.07980342 -0.07946178 -0.38527927 -0.06807693]
 [-0.01727366 -0.01809615 -0.03279587  0.98215532 -0.01781811 -0.07216069
  -0.08414533 -0.08521731 -0.09311443 -0.07163892]
 [-0.01760496 -0.01827521 -0.03136411 -0.01808998  0.98185805 -0.0722184
  -0.08415281 -0.0961425  -0.08787328 -0.0688303 ]
 [ 0.07047225  0.04673936  0.08162774  0.07334361  0.07337772  0.98711416
  -0.01272512 -0.01258122 -0.02296519 -0.01343337]
 [ 0.07144574  0.07057106  0.0817142   0.08464279  0.08462822 -0.01617526
   0.98353823 -0.01639539 -0.02712712 -0.0172597 ]
 [ 0.07044564  0.06998728  0.08097603  0.08547353  0.09637667 -0.0171593
  -0.017514    0.98247948 -0.02809272 -0.01820912]
 [ 0.05038027  0.06676495  0.38488466  0.0922731   0.08677878 -0.03204759
  -0.03243752 -0.03241695  0.90807362 -0.03309673]
 [ 0.06931004  0.08881756  0.07219641  0.07317442  0.07034519 -0.01320479
  -0.01347377 -0.01331316 -0.02064465  0.98530855]]
Current Energy:  -72.30339404109674
true energy  -72.30607364007679
dvec
[((2.1912863589091627+0j), -1.0 [0^ 10] +
-1.0 [1^ 11] +
1.0 [10^ 0] +
1.0 [11^ 1]), ((2.3432535289940684+0j), -1.0 [2^ 10] +
-1.0 [3^ 11] +
1.0 [10^ 2] +
1.0 [11^ 3]), ((0.42695955235297534+0j), -1.0 [4^ 10] +
-1.0 [5^ 11] +
1.0 [10^ 4] +
1.0 [11^ 5]), ((0.32265156526287364+0j), -1.0 [6^ 10] +
-1.0 [7^ 11] +
1.0 [10^ 6] +
1.0 [11^ 7]), ((0.3032968093531452+0j), -1.0 [8^ 10] +
-1.0 [9^ 11] +
1.0 [10^ 8] +
1.0 [11^ 9]), ((2.0935249092694965+0j), -1.0 [0^ 12] +
-1.0 [1^ 13] +
1.0 [12^ 0] +
1.0 [13^ 1]), ((2.0844224017615165+0j), -1.0 [2^ 12] +
-1.0 [3^ 13] +
1.0 [12^ 2] +
1.0 [13^ 3]), ((0.22661297978316658+0j), -1.0 [4^ 12] +
-1.0 [5^ 13] +
1.0 [12^ 4] +
1.0 [13^ 5]), ((0.09348383709097297+0j), -1.0 [6^ 12] +
-1.0 [7^ 13] +
1.0 [12^ 6] +
1.0 [13^ 7]), ((0.14318077886140812+0j), -1.0 [8^ 12] +
-1.0 [9^ 13] +
1.0 [12^ 8] +
1.0 [13^ 9]), ((2.050127887328358+0j), -1.0 [0^ 14] +
-1.0 [1^ 15] +
1.0 [14^ 0] +
1.0 [15^ 1]), ((2.1079434816077334+0j), -1.0 [2^ 14] +
-1.0 [3^ 15] +
1.0 [14^ 2] +
1.0 [15^ 3]), ((0.22196651041086154+0j), -1.0 [4^ 14] +
-1.0 [5^ 15] +
1.0 [14^ 4] +
1.0 [15^ 5]), ((0.14278433911836044+0j), -1.0 [6^ 14] +
-1.0 [7^ 15] +
1.0 [14^ 6] +
1.0 [15^ 7]), ((0.14981811492167382+0j), -1.0 [8^ 14] +
-1.0 [9^ 15] +
1.0 [14^ 8] +
1.0 [15^ 9]), ((1.7617375476273691+0j), -1.0 [0^ 16] +
-1.0 [1^ 17] +
1.0 [16^ 0] +
1.0 [17^ 1]), ((1.8236241435160094+0j), -1.0 [2^ 16] +
-1.0 [3^ 17] +
1.0 [16^ 2] +
1.0 [17^ 3]), ((0.17163453044131838+0j), -1.0 [4^ 16] +
-1.0 [5^ 17] +
1.0 [16^ 4] +
1.0 [17^ 5]), ((0.039077744865023245+0j), -1.0 [6^ 16] +
-1.0 [7^ 17] +
1.0 [16^ 6] +
1.0 [17^ 7]), ((0.050185346256626545+0j), -1.0 [8^ 16] +
-1.0 [9^ 17] +
1.0 [16^ 8] +
1.0 [17^ 9]), ((2.2359166163425996+0j), -1.0 [0^ 18] +
-1.0 [1^ 19] +
1.0 [18^ 0] +
1.0 [19^ 1]), ((2.2270959147981273+0j), -1.0 [2^ 18] +
-1.0 [3^ 19] +
1.0 [18^ 2] +
1.0 [19^ 3]), ((0.3459178025359489+0j), -1.0 [4^ 18] +
-1.0 [5^ 19] +
1.0 [18^ 4] +
1.0 [19^ 5]), ((0.21626507213478763+0j), -1.0 [6^ 18] +
-1.0 [7^ 19] +
1.0 [18^ 6] +
1.0 [19^ 7]), ((0.22739792745664456+0j), -1.0 [8^ 18] +
-1.0 [9^ 19] +
1.0 [18^ 8] +
1.0 [19^ 9])]
New fr values norm
0.10611921844762998

ITERATION NUMBER :  3

 unitary
[[ 0.9943913  -0.0056499  -0.00108974 -0.00292505 -0.00290075 -0.04858879
  -0.05180299 -0.05091161 -0.03531211 -0.0474605 ]
 [-0.00573546  0.99362957 -0.00369905 -0.00313397 -0.00312211 -0.02443599
  -0.05015957 -0.05053936 -0.05142157 -0.06574668]
 [-0.02418217 -0.02702873  0.91890857 -0.02561006 -0.02564565 -0.05978031
  -0.0647817  -0.06481373 -0.37311259 -0.04235525]
 [-0.01247243 -0.01334537 -0.02592576  0.98774327 -0.01217232 -0.04742063
  -0.07511492 -0.07066739 -0.09098643 -0.04523146]
 [-0.0125701  -0.01316649 -0.02279002 -0.01205484  0.98778737 -0.0479736
  -0.06940555 -0.0887873  -0.08172721 -0.03998658]
 [ 0.04806044  0.02403397  0.06520051  0.04933592  0.04973735  0.99388915
  -0.00427707 -0.0038016  -0.00822692 -0.006127  ]
 [ 0.05011603  0.04853996  0.06799126  0.07588294  0.07002528 -0.01131608
   0.98955233 -0.01017103 -0.01622889 -0.01178909]
 [ 0.048968    0.0486547   0.06756601  0.07116926  0.08914168 -0.01246482
  -0.01169897  0.98837916 -0.01750773 -0.01289419]
 [ 0.02815674  0.04418925  0.37216819  0.08948354  0.07959752 -0.02807659
  -0.02755875 -0.02743801  0.91722047 -0.02842987]
 [ 0.04735613  0.06582265  0.04952172  0.04773928  0.04234076 -0.00554727
  -0.00399412 -0.00343256 -0.00265198  0.99339572]]
Current Energy:  -72.71016446974451
true energy  -72.71602638167761
dvec
[((1.4011610983774656+0j), -1.0 [0^ 10] +
-1.0 [1^ 11] +
1.0 [10^ 0] +
1.0 [11^ 1]), ((1.3440257906456634+0j), -1.0 [2^ 10] +
-1.0 [3^ 11] +
1.0 [10^ 2] +
1.0 [11^ 3]), ((0.28855762508497823+0j), -1.0 [4^ 10] +
-1.0 [5^ 11] +
1.0 [10^ 4] +
1.0 [11^ 5]), ((0.1568518850059033+0j), -1.0 [6^ 10] +
-1.0 [7^ 11] +
1.0 [10^ 6] +
1.0 [11^ 7]), ((0.1505072563731828+0j), -1.0 [8^ 10] +
-1.0 [9^ 11] +
1.0 [10^ 8] +
1.0 [11^ 9]), ((1.3503283920052636+0j), -1.0 [0^ 12] +
-1.0 [1^ 13] +
1.0 [12^ 0] +
1.0 [13^ 1]), ((1.4100235523903832+0j), -1.0 [2^ 12] +
-1.0 [3^ 13] +
1.0 [12^ 2] +
1.0 [13^ 3]), ((0.16965661786161915+0j), -1.0 [4^ 12] +
-1.0 [5^ 13] +
1.0 [12^ 4] +
1.0 [13^ 5]), ((0.06523980478022257+0j), -1.0 [6^ 12] +
-1.0 [7^ 13] +
1.0 [12^ 6] +
1.0 [13^ 7]), ((0.10288226152990185+0j), -1.0 [8^ 12] +
-1.0 [9^ 13] +
1.0 [12^ 8] +
1.0 [13^ 9]), ((1.196958209173589+0j), -1.0 [0^ 14] +
-1.0 [1^ 15] +
1.0 [14^ 0] +
1.0 [15^ 1]), ((1.4106073667579735+0j), -1.0 [2^ 14] +
-1.0 [3^ 15] +
1.0 [14^ 2] +
1.0 [15^ 3]), ((0.16824407051526158+0j), -1.0 [4^ 14] +
-1.0 [5^ 15] +
1.0 [14^ 4] +
1.0 [15^ 5]), ((0.1006204482937364+0j), -1.0 [6^ 14] +
-1.0 [7^ 15] +
1.0 [14^ 6] +
1.0 [15^ 7]), ((0.1544117266325134+0j), -1.0 [8^ 14] +
-1.0 [9^ 15] +
1.0 [14^ 8] +
1.0 [15^ 9]), ((1.1537735284362707+0j), -1.0 [0^ 16] +
-1.0 [1^ 17] +
1.0 [16^ 0] +
1.0 [17^ 1]), ((1.1534354259823032+0j), -1.0 [2^ 16] +
-1.0 [3^ 17] +
1.0 [16^ 2] +
1.0 [17^ 3]), ((0.13209272127074723+0j), -1.0 [4^ 16] +
-1.0 [5^ 17] +
1.0 [16^ 4] +
1.0 [17^ 5]), ((0.04154794325043268+0j), -1.0 [6^ 16] +
-1.0 [7^ 17] +
1.0 [16^ 6] +
1.0 [17^ 7]), ((0.04046619080645464+0j), -1.0 [8^ 16] +
-1.0 [9^ 17] +
1.0 [16^ 8] +
1.0 [17^ 9]), ((1.4168621493540894+0j), -1.0 [0^ 18] +
-1.0 [1^ 19] +
1.0 [18^ 0] +
1.0 [19^ 1]), ((1.307735541526562+0j), -1.0 [2^ 18] +
-1.0 [3^ 19] +
1.0 [18^ 2] +
1.0 [19^ 3]), ((0.1860814566543486+0j), -1.0 [4^ 18] +
-1.0 [5^ 19] +
1.0 [18^ 4] +
1.0 [19^ 5]), ((0.09807006979898171+0j), -1.0 [6^ 18] +
-1.0 [7^ 19] +
1.0 [18^ 6] +
1.0 [19^ 7]), ((0.10590650959277072+0j), -1.0 [8^ 18] +
-1.0 [9^ 19] +
1.0 [18^ 8] +
1.0 [19^ 9])]
New fr values norm
0.11877313981096448

ITERATION NUMBER :  4

 unitary
[[ 9.97960909e-01 -1.90058153e-03  1.06162453e-02  2.97592305e-03
   2.83937311e-03 -2.95118289e-02 -3.22993477e-02 -3.17519244e-02
  -1.67930550e-02 -2.71367340e-02]
 [-2.07830979e-03  9.97439561e-01  8.38074793e-03  2.91344973e-03
   2.77168353e-03 -3.93453779e-03 -3.07264891e-02 -3.07943598e-02
  -3.22377650e-02 -4.55678751e-02]
 [-2.02123766e-02 -2.28955144e-02  9.30017981e-01 -1.95636053e-02
  -1.97725320e-02 -3.58281366e-02 -4.56179276e-02 -4.59471603e-02
  -3.57337469e-01 -1.39378476e-02]
 [-9.04335423e-03 -9.86929791e-03 -1.80536044e-02  9.92471091e-01
  -7.38244899e-03 -2.32245344e-02 -6.61022734e-02 -5.02637210e-02
  -8.18587830e-02 -1.74735218e-02]
 [-8.84822024e-03 -9.30407681e-03 -1.35418565e-02 -6.61077974e-03
   9.93004158e-01 -2.53368282e-02 -4.91255059e-02 -7.40242909e-02
  -6.99757039e-02 -1.09241163e-02]
 [ 2.91086419e-02  3.74033097e-03  4.28990423e-02  2.53899915e-02
   2.72326661e-02  9.97926270e-01  1.98790939e-03  2.72620083e-03
   6.28803256e-03 -2.08233672e-03]
 [ 3.06404780e-02  2.91943488e-02  4.99585607e-02  6.70476586e-02
   4.98176959e-02 -8.16824278e-03  9.94255744e-01 -5.10720955e-03
  -5.12740877e-03 -8.49838963e-03]
 [ 2.99353045e-02  2.91029998e-02  5.00063990e-02  5.10412622e-02
   7.45518079e-02 -9.14848487e-03 -6.54939635e-03  9.93651065e-01
  -5.97493951e-03 -9.39905603e-03]
 [ 8.49189936e-03  2.38684444e-02  3.56367210e-01  7.99788287e-02
   6.72033613e-02 -2.53090461e-02 -2.33929571e-02 -2.30934794e-02
   9.26867891e-01 -2.53479255e-02]
 [ 2.73259058e-02  4.60385576e-02  2.32354210e-02  2.03835457e-02
   1.35594912e-02 -8.82897845e-04  3.20183731e-03  4.13283749e-03
   1.43379471e-02  9.97878161e-01]]
Current Energy:  -72.92605819947542
true energy  -72.92745106420716
dvec
[((0.4939432588170927+0j), -1.0 [0^ 10] +
-1.0 [1^ 11] +
1.0 [10^ 0] +
1.0 [11^ 1]), ((0.4541124849596398+0j), -1.0 [2^ 10] +
-1.0 [3^ 11] +
1.0 [10^ 2] +
1.0 [11^ 3]), ((0.08128137612477065+0j), -1.0 [4^ 10] +
-1.0 [5^ 11] +
1.0 [10^ 4] +
1.0 [11^ 5]), ((0.013046021875429418+0j), -1.0 [6^ 10] +
-1.0 [7^ 11] +
1.0 [10^ 6] +
1.0 [11^ 7]), ((-0.007201375645505645+0j), -1.0 [8^ 10] +
-1.0 [9^ 11] +
1.0 [10^ 8] +
1.0 [11^ 9]), ((0.5320737645025139+0j), -1.0 [0^ 12] +
-1.0 [1^ 13] +
1.0 [12^ 0] +
1.0 [13^ 1]), ((0.49043840563136565+0j), -1.0 [2^ 12] +
-1.0 [3^ 13] +
1.0 [12^ 2] +
1.0 [13^ 3]), ((0.08733850628166534+0j), -1.0 [4^ 12] +
-1.0 [5^ 13] +
1.0 [12^ 4] +
1.0 [13^ 5]), ((0.08500871409455518+0j), -1.0 [6^ 12] +
-1.0 [7^ 13] +
1.0 [12^ 6] +
1.0 [13^ 7]), ((0.03973600969763306+0j), -1.0 [8^ 12] +
-1.0 [9^ 13] +
1.0 [12^ 8] +
1.0 [13^ 9]), ((0.5309928018319466+0j), -1.0 [0^ 14] +
-1.0 [1^ 15] +
1.0 [14^ 0] +
1.0 [15^ 1]), ((0.3819086079704626+0j), -1.0 [2^ 14] +
-1.0 [3^ 15] +
1.0 [14^ 2] +
1.0 [15^ 3]), ((0.08810991152450767+0j), -1.0 [4^ 14] +
-1.0 [5^ 15] +
1.0 [14^ 4] +
1.0 [15^ 5]), ((0.042921654126874896+0j), -1.0 [6^ 14] +
-1.0 [7^ 15] +
1.0 [14^ 6] +
1.0 [15^ 7]), ((0.07620729959908487+0j), -1.0 [8^ 14] +
-1.0 [9^ 15] +
1.0 [14^ 8] +
1.0 [15^ 9]), ((0.5825069245768553+0j), -1.0 [0^ 16] +
-1.0 [1^ 17] +
1.0 [16^ 0] +
1.0 [17^ 1]), ((0.4502506968786371+0j), -1.0 [2^ 16] +
-1.0 [3^ 17] +
1.0 [16^ 2] +
1.0 [17^ 3]), ((0.06486404924391354+0j), -1.0 [4^ 16] +
-1.0 [5^ 17] +
1.0 [16^ 4] +
1.0 [17^ 5]), ((0.030209090505091907+0j), -1.0 [6^ 16] +
-1.0 [7^ 17] +
1.0 [16^ 6] +
1.0 [17^ 7]), ((0.022743772889943684+0j), -1.0 [8^ 16] +
-1.0 [9^ 17] +
1.0 [16^ 8] +
1.0 [17^ 9]), ((0.3893453677351127+0j), -1.0 [0^ 18] +
-1.0 [1^ 19] +
1.0 [18^ 0] +
1.0 [19^ 1]), ((0.3786128275997409+0j), -1.0 [2^ 18] +
-1.0 [3^ 19] +
1.0 [18^ 2] +
1.0 [19^ 3]), ((0.021111445238636374+0j), -1.0 [4^ 18] +
-1.0 [5^ 19] +
1.0 [18^ 4] +
1.0 [19^ 5]), ((0.003446736122049711+0j), -1.0 [6^ 18] +
-1.0 [7^ 19] +
1.0 [18^ 6] +
1.0 [19^ 7]), ((-0.009274103693930023+0j), -1.0 [8^ 18] +
-1.0 [9^ 19] +
1.0 [18^ 8] +
1.0 [19^ 9])]
New fr values norm
0.055381033414646286

ITERATION NUMBER :  5

 unitary
[[ 9.99501752e-01 -2.08398247e-04  1.99539413e-02  6.71870708e-03
   6.10388427e-03 -1.04260965e-02 -1.23388802e-02 -1.40147668e-02
   3.12092566e-03 -6.96714046e-03]
 [-4.92049963e-04  9.99155195e-01  1.78413150e-02  6.80823734e-03
   6.25239247e-03  1.43357762e-02 -9.86497067e-03 -9.83214195e-03
  -1.23506049e-02 -2.70713136e-02]
 [-1.80932718e-02 -2.06564389e-02  9.41604085e-01 -1.46920133e-02
  -1.54289877e-02 -9.02132655e-03 -1.95558044e-02 -1.99289904e-02
  -3.33385255e-01  1.29258142e-02]
 [-7.35588819e-03 -7.86992512e-03 -5.92003802e-03  9.96669180e-01
  -3.30029958e-03 -3.43982338e-03 -5.45634586e-02 -2.13697890e-02
  -5.47810446e-02  6.47517174e-03]
 [-6.77896314e-03 -6.90326305e-03 -9.53182151e-04 -1.37028852e-03
   9.97632843e-01 -6.45385087e-03 -1.97046898e-02 -4.58123368e-02
  -4.33573262e-02  1.49586047e-02]
 [ 1.01030883e-02 -1.43864502e-02  1.66648878e-02  5.03593661e-03
   7.70671066e-03  9.99445691e-01  5.67563467e-03  6.43573473e-03
   1.90327209e-02 -9.59534673e-04]
 [ 1.11680117e-02  8.88200435e-03  2.48858089e-02  5.53874301e-02
   2.02736433e-02 -6.63830584e-03  9.97771148e-01 -1.10137220e-03
   7.18387093e-03 -7.35812144e-03]
 [ 1.28764601e-02  8.89097974e-03  2.52869257e-02  2.21894721e-02
   4.63937771e-02 -7.45735099e-03 -2.08986376e-03  9.98142889e-01
   7.38487978e-03 -8.19881656e-03]
 [-1.10961918e-02  4.36048677e-03  3.33292035e-01  5.23309192e-02
   4.01459156e-02 -2.36401464e-02 -1.90680009e-02 -1.87341102e-02
   9.39450890e-01 -2.41386331e-02]
 [ 7.26982726e-03  2.77245337e-02 -3.04768365e-03 -4.15857062e-03
  -1.29970711e-02  8.30042174e-04  7.42469791e-03  8.45501116e-03
   2.78354069e-02  9.99039980e-01]]
Current Energy:  -72.95524796258212
true energy  -72.9544756901652
dvec
[((0.12005415636243712+0j), -1.0 [0^ 10] +
-1.0 [1^ 11] +
1.0 [10^ 0] +
1.0 [11^ 1]), ((0.16415374598244326+0j), -1.0 [2^ 10] +
-1.0 [3^ 11] +
1.0 [10^ 2] +
1.0 [11^ 3]), ((0.045446010163158045+0j), -1.0 [4^ 10] +
-1.0 [5^ 11] +
1.0 [10^ 4] +
1.0 [11^ 5]), ((0.00715911724063233+0j), -1.0 [6^ 10] +
-1.0 [7^ 11] +
1.0 [10^ 6] +
1.0 [11^ 7]), ((0.0034527186403435633+0j), -1.0 [8^ 10] +
-1.0 [9^ 11] +
1.0 [10^ 8] +
1.0 [11^ 9]), ((0.20075750620004187+0j), -1.0 [0^ 12] +
-1.0 [1^ 13] +
1.0 [12^ 0] +
1.0 [13^ 1]), ((0.21399350869971662+0j), -1.0 [2^ 12] +
-1.0 [3^ 13] +
1.0 [12^ 2] +
1.0 [13^ 3]), ((0.03993119060018546+0j), -1.0 [4^ 12] +
-1.0 [5^ 13] +
1.0 [12^ 4] +
1.0 [13^ 5]), ((0.06986381762252808+0j), -1.0 [6^ 12] +
-1.0 [7^ 13] +
1.0 [12^ 6] +
1.0 [13^ 7]), ((0.01855880042314044+0j), -1.0 [8^ 12] +
-1.0 [9^ 13] +
1.0 [12^ 8] +
1.0 [13^ 9]), ((0.2392346054396962+0j), -1.0 [0^ 14] +
-1.0 [1^ 15] +
1.0 [14^ 0] +
1.0 [15^ 1]), ((0.2021350852620526+0j), -1.0 [2^ 14] +
-1.0 [3^ 15] +
1.0 [14^ 2] +
1.0 [15^ 3]), ((0.04599997595883553+0j), -1.0 [4^ 14] +
-1.0 [5^ 15] +
1.0 [14^ 4] +
1.0 [15^ 5]), ((0.02064487827268982+0j), -1.0 [6^ 14] +
-1.0 [7^ 15] +
1.0 [14^ 6] +
1.0 [15^ 7]), ((0.042748353314601584+0j), -1.0 [8^ 14] +
-1.0 [9^ 15] +
1.0 [14^ 8] +
1.0 [15^ 9]), ((0.1606833033058213+0j), -1.0 [0^ 16] +
-1.0 [1^ 17] +
1.0 [16^ 0] +
1.0 [17^ 1]), ((0.16575105093896583+0j), -1.0 [2^ 16] +
-1.0 [3^ 17] +
1.0 [16^ 2] +
1.0 [17^ 3]), ((0.0404560104432693+0j), -1.0 [4^ 16] +
-1.0 [5^ 17] +
1.0 [16^ 4] +
1.0 [17^ 5]), ((0.014681969709553128+0j), -1.0 [6^ 16] +
-1.0 [7^ 17] +
1.0 [16^ 6] +
1.0 [17^ 7]), ((0.011884855255951586+0j), -1.0 [8^ 16] +
-1.0 [9^ 17] +
1.0 [16^ 8] +
1.0 [17^ 9]), ((0.14622717423147807+0j), -1.0 [0^ 18] +
-1.0 [1^ 19] +
1.0 [18^ 0] +
1.0 [19^ 1]), ((0.10463550693484436+0j), -1.0 [2^ 18] +
-1.0 [3^ 19] +
1.0 [18^ 2] +
1.0 [19^ 3]), ((0.0005698126020430693+0j), -1.0 [4^ 18] +
-1.0 [5^ 19] +
1.0 [18^ 4] +
1.0 [19^ 5]), ((0.0012741413949275433+0j), -1.0 [6^ 18] +
-1.0 [7^ 19] +
1.0 [18^ 6] +
1.0 [19^ 7]), ((-0.004131276841450194+0j), -1.0 [8^ 18] +
-1.0 [9^ 19] +
1.0 [18^ 8] +
1.0 [19^ 9])]
New fr values norm
0.052420655064851794

ITERATION NUMBER :  6

 unitary
[[ 9.99557065e-01 -8.70267169e-05  2.31431527e-02  7.48875525e-03
   6.72073756e-03 -4.68312761e-03 -5.54054443e-03 -7.21681515e-03
   1.17821751e-02 -2.29783268e-03]
 [-4.33680533e-04  9.99262725e-01  2.03290259e-02  7.44665233e-03
   6.72522356e-03  1.96579177e-02 -3.56699792e-03 -4.93005014e-03
  -5.59455088e-03 -2.24745561e-02]
 [-1.79803716e-02 -2.05227739e-02  9.46011207e-01 -1.34180256e-02
  -1.43687010e-02 -2.50239078e-03 -6.91040516e-03 -7.13978413e-03
  -3.21852925e-01  1.54115900e-02]
 [-7.55134427e-03 -7.66036987e-03  4.45413785e-03  9.98719313e-01
  -1.69863679e-03 -2.74735798e-03 -4.00939379e-02 -8.95027447e-03
  -2.61702201e-02  6.42221599e-03]
 [-6.91584451e-03 -6.76015899e-03  6.94222840e-03  2.70515004e-04
   9.99015318e-01 -8.04154404e-03 -8.18492037e-03 -3.28375526e-02
  -2.18575293e-02  1.17848075e-02]
 [ 4.19578981e-03 -1.97902768e-02  9.84858223e-03  3.46252930e-03
   8.61479008e-03  9.99435632e-01  5.92244437e-03  6.62501442e-03
   2.13588054e-02 -8.91202424e-04]
 [ 4.69366369e-03  2.98093918e-03  1.24760187e-02  4.04741501e-02
   8.44435309e-03 -6.48699780e-03  9.98924609e-01 -1.07690768e-04
   1.23946327e-02 -7.60754078e-03]
 [ 6.41768269e-03  4.39840884e-03  1.27874322e-02  9.35903523e-03
   3.31334078e-02 -7.27747516e-03 -1.02264566e-03  9.99152670e-01
   1.25846801e-02 -8.49087932e-03]
 [-1.92653549e-02 -1.78926002e-03  3.21858713e-01  2.24603017e-02
   1.76934973e-02 -2.33647605e-02 -1.70529834e-02 -1.70870175e-02
   9.45241569e-01 -2.45923318e-02]
 [ 2.31625823e-03  2.29203961e-02 -6.05740909e-03 -5.08723896e-03
  -1.05947020e-02  7.87638597e-04  7.55041700e-03  8.50275207e-03
   2.87770847e-02  9.99167866e-01]]
Current Energy:  -72.96153687534868
true energy  -72.96161471804697
dvec
[((0.06661076910789171+0j), -1.0 [0^ 10] +
-1.0 [1^ 11] +
1.0 [10^ 0] +
1.0 [11^ 1]), ((-0.007217808486386423+0j), -1.0 [2^ 10] +
-1.0 [3^ 11] +
1.0 [10^ 2] +
1.0 [11^ 3]), ((0.014392495177960166+0j), -1.0 [4^ 10] +
-1.0 [5^ 11] +
1.0 [10^ 4] +
1.0 [11^ 5]), ((0.015543885050707498+0j), -1.0 [6^ 10] +
-1.0 [7^ 11] +
1.0 [10^ 6] +
1.0 [11^ 7]), ((0.005532802552973913+0j), -1.0 [8^ 10] +
-1.0 [9^ 11] +
1.0 [10^ 8] +
1.0 [11^ 9]), ((0.08137146748682977+0j), -1.0 [0^ 12] +
-1.0 [1^ 13] +
1.0 [12^ 0] +
1.0 [13^ 1]), ((-0.04176053374273884+0j), -1.0 [2^ 12] +
-1.0 [3^ 13] +
1.0 [12^ 2] +
1.0 [13^ 3]), ((0.008709470944718481+0j), -1.0 [4^ 12] +
-1.0 [5^ 13] +
1.0 [12^ 4] +
1.0 [13^ 5]), ((0.023241695121350478+0j), -1.0 [6^ 12] +
-1.0 [7^ 13] +
1.0 [12^ 6] +
1.0 [13^ 7]), ((-0.003389554372342639+0j), -1.0 [8^ 12] +
-1.0 [9^ 13] +
1.0 [12^ 8] +
1.0 [13^ 9]), ((0.01304199959381425+0j), -1.0 [0^ 14] +
-1.0 [1^ 15] +
1.0 [14^ 0] +
1.0 [15^ 1]), ((0.03916642092062044+0j), -1.0 [2^ 14] +
-1.0 [3^ 15] +
1.0 [14^ 2] +
1.0 [15^ 3]), ((0.0023546445538969174+0j), -1.0 [4^ 14] +
-1.0 [5^ 15] +
1.0 [14^ 4] +
1.0 [15^ 5]), ((-0.005156430813867456+0j), -1.0 [6^ 14] +
-1.0 [7^ 15] +
1.0 [14^ 6] +
1.0 [15^ 7]), ((0.04102033132162951+0j), -1.0 [8^ 14] +
-1.0 [9^ 15] +
1.0 [14^ 8] +
1.0 [15^ 9]), ((0.06618225026014612+0j), -1.0 [0^ 16] +
-1.0 [1^ 17] +
1.0 [16^ 0] +
1.0 [17^ 1]), ((0.04242052560322938+0j), -1.0 [2^ 16] +
-1.0 [3^ 17] +
1.0 [16^ 2] +
1.0 [17^ 3]), ((-0.0012977723006497577+0j), -1.0 [4^ 16] +
-1.0 [5^ 17] +
1.0 [16^ 4] +
1.0 [17^ 5]), ((0.00020650987562026804+0j), -1.0 [6^ 16] +
-1.0 [7^ 17] +
1.0 [16^ 6] +
1.0 [17^ 7]), ((-0.0006563735770163787+0j), -1.0 [8^ 16] +
-1.0 [9^ 17] +
1.0 [16^ 8] +
1.0 [17^ 9]), ((-0.009851065705872637+0j), -1.0 [0^ 18] +
-1.0 [1^ 19] +
1.0 [18^ 0] +
1.0 [19^ 1]), ((-0.05414848294210989+0j), -1.0 [2^ 18] +
-1.0 [3^ 19] +
1.0 [18^ 2] +
1.0 [19^ 3]), ((-0.012191564592734204+0j), -1.0 [4^ 18] +
-1.0 [5^ 19] +
1.0 [18^ 4] +
1.0 [19^ 5]), ((0.005141770332011407+0j), -1.0 [6^ 18] +
-1.0 [7^ 19] +
1.0 [18^ 6] +
1.0 [19^ 7]), ((-0.003122720480376675+0j), -1.0 [8^ 18] +
-1.0 [9^ 19] +
1.0 [18^ 8] +
1.0 [19^ 9])]
New fr values norm
0.016634065982646412

ITERATION NUMBER :  7

 unitary
[[ 9.99513093e-01 -6.95102787e-05  2.45133677e-02  7.66841342e-03
   6.89598411e-03 -2.30785038e-03 -1.08159843e-03 -1.89132203e-03
   1.59892129e-02  7.61828824e-04]
 [-4.80884772e-04  9.99237903e-01  2.17514845e-02  7.64076367e-03
   6.89709556e-03  2.29658537e-02  1.18821657e-03 -4.34957399e-04
  -1.26898955e-03 -2.03386599e-02]
 [-1.81568272e-02 -2.06747553e-02  9.50270529e-01 -1.29382233e-02
  -1.38791190e-02  3.78431673e-03  3.14757144e-03  4.48628484e-03
  -3.09189365e-01  1.50452503e-02]
 [-8.02675477e-03 -7.73642909e-03  1.34169111e-02  9.99644758e-01
  -1.13902223e-03 -2.09316486e-03 -1.89895591e-02  1.65065738e-03
   5.44968392e-04  6.06300226e-03]
 [-7.30708971e-03 -6.85941063e-03  1.41812066e-02  8.23800411e-04
   9.99573111e-01 -7.99217367e-03  1.35196010e-03 -2.00589370e-02
  -3.62725033e-04  9.11973592e-03]
 [ 1.79898869e-03 -2.31034444e-02  3.30133455e-03  1.98869885e-03
   7.93971647e-03  9.99375742e-01  5.99501102e-03  6.67973389e-03
   2.34903178e-02 -9.34738758e-04]
 [ 6.26425194e-04 -1.36521859e-03  2.25460321e-03  1.89772474e-02
  -1.37254838e-03 -6.44817134e-03  9.99635753e-01  2.80769297e-04
   1.59686525e-02 -7.89602348e-03]
 [ 1.46217372e-03  2.94008692e-04  1.13717721e-03 -1.61136683e-03
   2.00863285e-02 -7.23044255e-03 -6.05807815e-04  9.99593551e-01
   1.65374956e-02 -8.77627134e-03]
 [-2.27862004e-02 -5.42647288e-03  3.08988308e-01 -5.07057663e-03
  -4.50140890e-03 -2.32033011e-02 -1.61168267e-02 -1.63470035e-02
   9.49861152e-01 -2.51001146e-02]
 [-9.35952068e-04  2.05934996e-02 -6.30232772e-03 -5.71823011e-03
  -8.71188749e-03  7.35435857e-04  7.57513936e-03  8.47536423e-03
   2.87706815e-02  9.99234312e-01]]
Current Energy:  -72.96204036637577
true energy  -72.96219831932156
dvec
[((0.028287392827078938+0j), -1.0 [0^ 10] +
-1.0 [1^ 11] +
1.0 [10^ 0] +
1.0 [11^ 1]), ((-0.034775545706391964+0j), -1.0 [2^ 10] +
-1.0 [3^ 11] +
1.0 [10^ 2] +
1.0 [11^ 3]), ((-0.0042785184489475304+0j), -1.0 [4^ 10] +
-1.0 [5^ 11] +
1.0 [10^ 4] +
1.0 [11^ 5]), ((-0.027949598784232796+0j), -1.0 [6^ 10] +
-1.0 [7^ 11] +
1.0 [10^ 6] +
1.0 [11^ 7]), ((0.009020844220423214+0j), -1.0 [8^ 10] +
-1.0 [9^ 11] +
1.0 [10^ 8] +
1.0 [11^ 9]), ((-0.033598009847063806+0j), -1.0 [0^ 12] +
-1.0 [1^ 13] +
1.0 [12^ 0] +
1.0 [13^ 1]), ((0.006451757340716506+0j), -1.0 [2^ 12] +
-1.0 [3^ 13] +
1.0 [12^ 2] +
1.0 [13^ 3]), ((0.004455844762627418+0j), -1.0 [4^ 12] +
-1.0 [5^ 13] +
1.0 [12^ 4] +
1.0 [13^ 5]), ((0.0230948799171025+0j), -1.0 [6^ 12] +
-1.0 [7^ 13] +
1.0 [12^ 6] +
1.0 [13^ 7]), ((-0.00019042949447077876+0j), -1.0 [8^ 12] +
-1.0 [9^ 13] +
1.0 [12^ 8] +
1.0 [13^ 9]), ((0.08418475432131971+0j), -1.0 [0^ 14] +
-1.0 [1^ 15] +
1.0 [14^ 0] +
1.0 [15^ 1]), ((-0.07073143533813026+0j), -1.0 [2^ 14] +
-1.0 [3^ 15] +
1.0 [14^ 2] +
1.0 [15^ 3]), ((0.0013298795026817742+0j), -1.0 [4^ 14] +
-1.0 [5^ 15] +
1.0 [14^ 4] +
1.0 [15^ 5]), ((0.0013942237556670584+0j), -1.0 [6^ 14] +
-1.0 [7^ 15] +
1.0 [14^ 6] +
1.0 [15^ 7]), ((0.007395934075895241+0j), -1.0 [8^ 14] +
-1.0 [9^ 15] +
1.0 [14^ 8] +
1.0 [15^ 9]), ((-0.04678073872279903+0j), -1.0 [0^ 16] +
-1.0 [1^ 17] +
1.0 [16^ 0] +
1.0 [17^ 1]), ((-0.017871598040714493+0j), -1.0 [2^ 16] +
-1.0 [3^ 17] +
1.0 [16^ 2] +
1.0 [17^ 3]), ((0.0038816032874940953+0j), -1.0 [4^ 16] +
-1.0 [5^ 17] +
1.0 [16^ 4] +
1.0 [17^ 5]), ((-0.0007958199266561087+0j), -1.0 [6^ 16] +
-1.0 [7^ 17] +
1.0 [16^ 6] +
1.0 [17^ 7]), ((0.0006454975674665391+0j), -1.0 [8^ 16] +
-1.0 [9^ 17] +
1.0 [16^ 8] +
1.0 [17^ 9]), ((-0.08698779460517417+0j), -1.0 [0^ 18] +
-1.0 [1^ 19] +
1.0 [18^ 0] +
1.0 [19^ 1]), ((0.0022270208719764595+0j), -1.0 [2^ 18] +
-1.0 [3^ 19] +
1.0 [18^ 2] +
1.0 [19^ 3]), ((-0.008286971421347872+0j), -1.0 [4^ 18] +
-1.0 [5^ 19] +
1.0 [18^ 4] +
1.0 [19^ 5]), ((-0.02114307203180724+0j), -1.0 [6^ 18] +
-1.0 [7^ 19] +
1.0 [18^ 6] +
1.0 [19^ 7]), ((0.0007805199230572872+0j), -1.0 [8^ 18] +
-1.0 [9^ 19] +
1.0 [18^ 8] +
1.0 [19^ 9])]
New fr values norm
0.014764597538313684

ITERATION NUMBER :  8

 unitary
[[ 9.99475026e-01 -1.18162005e-04  2.50405841e-02  7.68948869e-03
   6.90478287e-03 -9.53609118e-04  7.16975614e-04 -1.61925805e-03
   1.76506432e-02  4.82450238e-04]
 [-5.04191687e-04  9.99210191e-01  2.20910792e-02  7.62874329e-03
   6.91386203e-03  2.27870411e-02  2.26031551e-04  4.12059692e-04
  -2.79714139e-04 -2.15679516e-02]
 [-1.81417251e-02 -2.07868706e-02  9.50164073e-01 -1.28801012e-02
  -1.38304462e-02  5.89430716e-03  5.37570830e-03  5.08587766e-03
  -3.09573783e-01  1.20168909e-02]
 [-8.04006164e-03 -7.76928288e-03  1.35428216e-02  9.99738215e-01
  -1.17695542e-03  1.16255509e-03 -1.17835231e-02 -1.08558263e-03
   1.14371087e-03  8.42694984e-03]
 [-7.25671171e-03 -6.90950601e-03  1.38039246e-02  8.10107353e-04
   9.99773460e-01 -6.87185675e-03 -4.63236078e-04 -7.37590836e-03
  -1.40768912e-03  7.58949529e-03]
 [ 4.64913573e-04 -2.28732390e-02  1.19205885e-03 -1.28505324e-03
   6.79273656e-03  9.99381499e-01  6.03645478e-03  6.68719060e-03
   2.41214750e-02 -1.00117207e-03]
 [-1.10789566e-03 -3.41991657e-04  3.73050607e-05  1.18280665e-02
   4.84241442e-04 -6.44485139e-03  9.99738437e-01  2.46215812e-04
   1.66203915e-02 -7.98368600e-03]
 [ 1.25202689e-03 -5.03494397e-04  3.97150746e-04  1.15117045e-03
   7.41628350e-03 -7.16005674e-03 -6.57273816e-04  9.99765785e-01
   1.67336156e-02 -8.85201726e-03]
 [-2.44826289e-02 -6.52172776e-03  3.09331501e-01 -5.49752834e-03
  -3.24965889e-03 -2.32325884e-02 -1.61087623e-02 -1.63596641e-02
   9.49703198e-01 -2.50650945e-02]
 [-7.63769097e-04  2.17415423e-02 -3.41667907e-03 -8.15590681e-03
  -7.27650450e-03  7.67426502e-04  7.62655959e-03  8.46862315e-03
   2.78370019e-02  9.99244821e-01]]
Current Energy:  -72.96227231232461
true energy  -72.96237958479873
dvec
[((-0.026325911772036893+0j), -1.0 [0^ 10] +
-1.0 [1^ 11] +
1.0 [10^ 0] +
1.0 [11^ 1]), ((0.03530066228388862+0j), -1.0 [2^ 10] +
-1.0 [3^ 11] +
1.0 [10^ 2] +
1.0 [11^ 3]), ((0.0048506696559966495+0j), -1.0 [4^ 10] +
-1.0 [5^ 11] +
1.0 [10^ 4] +
1.0 [11^ 5]), ((0.034057006315425416+0j), -1.0 [6^ 10] +
-1.0 [7^ 11] +
1.0 [10^ 6] +
1.0 [11^ 7]), ((-0.005405618318719749+0j), -1.0 [8^ 10] +
-1.0 [9^ 11] +
1.0 [10^ 8] +
1.0 [11^ 9]), ((-0.029418532021744995+0j), -1.0 [0^ 12] +
-1.0 [1^ 13] +
1.0 [12^ 0] +
1.0 [13^ 1]), ((0.03842161395197652+0j), -1.0 [2^ 12] +
-1.0 [3^ 13] +
1.0 [12^ 2] +
1.0 [13^ 3]), ((-0.005193214943541685+0j), -1.0 [4^ 12] +
-1.0 [5^ 13] +
1.0 [12^ 4] +
1.0 [13^ 5]), ((0.007025329773196065+0j), -1.0 [6^ 12] +
-1.0 [7^ 13] +
1.0 [12^ 6] +
1.0 [13^ 7]), ((0.0023461573660522725+0j), -1.0 [8^ 12] +
-1.0 [9^ 13] +
1.0 [12^ 8] +
1.0 [13^ 9]), ((0.013892660222971883+0j), -1.0 [0^ 14] +
-1.0 [1^ 15] +
1.0 [14^ 0] +
1.0 [15^ 1]), ((0.029170275599162437+0j), -1.0 [2^ 14] +
-1.0 [3^ 15] +
1.0 [14^ 2] +
1.0 [15^ 3]), ((-0.0026294010308561024+0j), -1.0 [4^ 14] +
-1.0 [5^ 15] +
1.0 [14^ 4] +
1.0 [15^ 5]), ((0.0008800773590462084+0j), -1.0 [6^ 14] +
-1.0 [7^ 15] +
1.0 [14^ 6] +
1.0 [15^ 7]), ((0.005917507991788699+0j), -1.0 [8^ 14] +
-1.0 [9^ 15] +
1.0 [14^ 8] +
1.0 [15^ 9]), ((0.005735275734445516+0j), -1.0 [0^ 16] +
-1.0 [1^ 17] +
1.0 [16^ 0] +
1.0 [17^ 1]), ((0.0421435695820135+0j), -1.0 [2^ 16] +
-1.0 [3^ 17] +
1.0 [16^ 2] +
1.0 [17^ 3]), ((-0.00033599071869017116+0j), -1.0 [4^ 16] +
-1.0 [5^ 17] +
1.0 [16^ 4] +
1.0 [17^ 5]), ((0.0010335060114806211+0j), -1.0 [6^ 16] +
-1.0 [7^ 17] +
1.0 [16^ 6] +
1.0 [17^ 7]), ((0.00011744212533385098+0j), -1.0 [8^ 16] +
-1.0 [9^ 17] +
1.0 [16^ 8] +
1.0 [17^ 9]), ((0.07520853247897415+0j), -1.0 [0^ 18] +
-1.0 [1^ 19] +
1.0 [18^ 0] +
1.0 [19^ 1]), ((0.052109606854066404+0j), -1.0 [2^ 18] +
-1.0 [3^ 19] +
1.0 [18^ 2] +
1.0 [19^ 3]), ((-0.006202772459741964+0j), -1.0 [4^ 18] +
-1.0 [5^ 19] +
1.0 [18^ 4] +
1.0 [19^ 5]), ((0.02087022841356368+0j), -1.0 [6^ 18] +
-1.0 [7^ 19] +
1.0 [18^ 6] +
1.0 [19^ 7]), ((-0.008604811331421831+0j), -1.0 [8^ 18] +
-1.0 [9^ 19] +
1.0 [18^ 8] +
1.0 [19^ 9])]
New fr values norm
0.013859994282397696

ITERATION NUMBER :  9

 unitary
[[ 9.99504392e-01 -1.65170849e-04  2.46792693e-02  7.69754601e-03
   6.93871027e-03 -3.38425564e-04 -2.70711558e-05  2.69116307e-04
   1.64998573e-02 -1.43063520e-03]
 [-4.94018995e-04  9.99230158e-01  2.19486730e-02  7.62947301e-03
   6.90111417e-03  2.20733383e-02  3.74657482e-04 -1.16666332e-03
  -7.53183504e-04 -2.14934581e-02]
 [-1.81725387e-02 -2.08252008e-02  9.50552001e-01 -1.28707347e-02
  -1.38208484e-02  5.22334751e-03  6.47805512e-03  5.38501319e-03
  -3.08437229e-01  9.92575860e-03]
 [-8.01030388e-03 -7.84337543e-03  1.30782857e-02  9.99826949e-01
  -1.12283730e-03 -4.77481532e-03 -4.74365161e-03 -4.32423784e-04
  -6.00876017e-04 -1.49540379e-03]
 [-7.28537356e-03 -6.95172628e-03  1.41918662e-02  8.07161116e-04
   9.99791313e-01 -5.00744442e-03 -5.73000342e-04 -5.09891465e-03
  -1.29586052e-04  7.90240601e-03]
 [-1.78168984e-04 -2.21846809e-02  1.84513900e-03  4.62286060e-03
   4.86865199e-03  9.99402538e-01  5.99229625e-03  6.69804193e-03
   2.39189617e-02 -1.00407724e-03]
 [-2.79906674e-04 -4.07606891e-04 -1.12621501e-03  4.72101555e-03
   6.14851626e-04 -6.44265773e-03  9.99790733e-01  2.44554161e-04
   1.69842470e-02 -8.01737778e-03]
 [-6.00883445e-04  1.10637760e-03  1.93018844e-05  4.01511844e-04
   5.13818194e-03 -7.11034050e-03 -6.52088554e-04  9.99779477e-01
   1.68075550e-02 -8.90920442e-03]
 [-2.32736295e-02 -6.04379442e-03  3.08190336e-01 -3.93123664e-03
  -4.47067014e-03 -2.32254220e-02 -1.61276681e-02 -1.63605443e-02
   9.50109580e-01 -2.50934755e-02]
 [ 1.05422394e-03  2.15743658e-02 -1.29482809e-03  1.74015497e-03
  -7.66896370e-03  7.60736488e-04  7.55765477e-03  8.47282862e-03
   2.72395904e-02  9.99298973e-01]]
Current Energy:  -72.96203278527862
true energy  -72.96234481394598
dvec
[((-0.0019838238958380067+0j), -1.0 [0^ 10] +
-1.0 [1^ 11] +
1.0 [10^ 0] +
1.0 [11^ 1]), ((-0.10491080490971655+0j), -1.0 [2^ 10] +
-1.0 [3^ 11] +
1.0 [10^ 2] +
1.0 [11^ 3]), ((0.0010132450058830587+0j), -1.0 [4^ 10] +
-1.0 [5^ 11] +
1.0 [10^ 4] +
1.0 [11^ 5]), ((-0.028445472141790173+0j), -1.0 [6^ 10] +
-1.0 [7^ 11] +
1.0 [10^ 6] +
1.0 [11^ 7]), ((0.021926472684243553+0j), -1.0 [8^ 10] +
-1.0 [9^ 11] +
1.0 [10^ 8] +
1.0 [11^ 9]), ((-0.002837398397314654+0j), -1.0 [0^ 12] +
-1.0 [1^ 13] +
1.0 [12^ 0] +
1.0 [13^ 1]), ((-0.13035097513664712+0j), -1.0 [2^ 12] +
-1.0 [3^ 13] +
1.0 [12^ 2] +
1.0 [13^ 3]), ((0.007231411603445099+0j), -1.0 [4^ 12] +
-1.0 [5^ 13] +
1.0 [12^ 4] +
1.0 [13^ 5]), ((0.00047016446431425276+0j), -1.0 [6^ 12] +
-1.0 [7^ 13] +
1.0 [12^ 6] +
1.0 [13^ 7]), ((-0.0008158800054501954+0j), -1.0 [8^ 12] +
-1.0 [9^ 13] +
1.0 [12^ 8] +
1.0 [13^ 9]), ((-0.051827965874778045+0j), -1.0 [0^ 14] +
-1.0 [1^ 15] +
1.0 [14^ 0] +
1.0 [15^ 1]), ((0.02531004488693798+0j), -1.0 [2^ 14] +
-1.0 [3^ 15] +
1.0 [14^ 2] +
1.0 [15^ 3]), ((0.0062976201928011104+0j), -1.0 [4^ 14] +
-1.0 [5^ 15] +
1.0 [14^ 4] +
1.0 [15^ 5]), ((-0.0024107087926484904+0j), -1.0 [6^ 14] +
-1.0 [7^ 15] +
1.0 [14^ 6] +
1.0 [15^ 7]), ((0.0037795760865585353+0j), -1.0 [8^ 14] +
-1.0 [9^ 15] +
1.0 [14^ 8] +
1.0 [15^ 9]), ((0.03863055767467441+0j), -1.0 [0^ 16] +
-1.0 [1^ 17] +
1.0 [16^ 0] +
1.0 [17^ 1]), ((-0.0026398478405720988+0j), -1.0 [2^ 16] +
-1.0 [3^ 17] +
1.0 [16^ 2] +
1.0 [17^ 3]), ((-0.0014185492955782752+0j), -1.0 [4^ 16] +
-1.0 [5^ 17] +
1.0 [16^ 4] +
1.0 [17^ 5]), ((-0.00035529498319252146+0j), -1.0 [6^ 16] +
-1.0 [7^ 17] +
1.0 [16^ 6] +
1.0 [17^ 7]), ((0.0003818532741415878+0j), -1.0 [8^ 16] +
-1.0 [9^ 17] +
1.0 [16^ 8] +
1.0 [17^ 9]), ((-0.031048798910854828+0j), -1.0 [0^ 18] +
-1.0 [1^ 19] +
1.0 [18^ 0] +
1.0 [19^ 1]), ((0.06995154924028435+0j), -1.0 [2^ 18] +
-1.0 [3^ 19] +
1.0 [18^ 2] +
1.0 [19^ 3]), ((-0.000691863023121416+0j), -1.0 [4^ 18] +
-1.0 [5^ 19] +
1.0 [18^ 4] +
1.0 [19^ 5]), ((-0.021042771613042306+0j), -1.0 [6^ 18] +
-1.0 [7^ 19] +
1.0 [18^ 6] +
1.0 [19^ 7]), ((0.009879602559490339+0j), -1.0 [8^ 18] +
-1.0 [9^ 19] +
1.0 [18^ 8] +
1.0 [19^ 9])]
New fr values norm
0.014350377256865858

ITERATION NUMBER :  10

 unitary
[[ 9.99501031e-01 -1.17694973e-04  2.47227925e-02  7.68862535e-03
   6.92686116e-03 -8.94746689e-04 -6.77782195e-04  5.87477372e-04
   1.66643360e-02  2.38898630e-04]
 [-5.19180276e-04  9.99230383e-01  2.22799612e-02  7.62448147e-03
   6.89642134e-03  2.27849799e-02  1.22940336e-03 -5.16894388e-04
   3.42181327e-04 -2.03772042e-02]
 [-1.81698381e-02 -2.08722200e-02  9.50521245e-01 -1.28695456e-02
  -1.38105737e-02  5.95284101e-03  5.14255655e-03  4.70468242e-03
  -3.08597525e-01  8.41214059e-03]
 [-8.05416736e-03 -7.81504045e-03  1.36998569e-02  9.99801372e-01
  -1.14623119e-03  2.37569208e-03 -2.49163068e-03  1.39668588e-04
   1.78632706e-03  8.19818310e-03]
 [-7.29308089e-03 -7.01176173e-03  1.42628926e-02  8.22501416e-04
   9.99814555e-01 -6.18087824e-03  6.46418794e-04 -3.31860425e-03
   2.22758210e-06  3.84208672e-03]
 [ 4.41056448e-04 -2.28671790e-02  1.08228645e-03 -2.57858968e-03
   6.02990579e-03  9.99383705e-01  6.01347665e-03  6.69153831e-03
   2.41446485e-02 -1.01278754e-03]
 [ 3.80249782e-04 -1.26841304e-03  8.88447620e-05  2.53407653e-03
  -6.64161199e-04 -6.44524362e-03  9.99805339e-01  2.57900629e-04
   1.65836056e-02 -8.00225251e-03]
 [-9.06080176e-04  4.56860185e-04  6.05270886e-04 -8.92846625e-05
   3.29719209e-03 -7.11023632e-03 -6.46942536e-04  9.99791046e-01
   1.65945244e-02 -8.90149115e-03]
 [-2.34030852e-02 -7.10240029e-03  3.08235441e-01 -5.94756078e-03
  -4.70609559e-03 -2.32451485e-02 -1.61206036e-02 -1.63579054e-02
   9.50072917e-01 -2.50779643e-02]
 [-5.94337803e-04  2.04344902e-02  2.21926925e-05 -8.07562376e-03
  -3.66726304e-03  7.33549197e-04  7.60175109e-03  8.46528359e-03
   2.67330080e-02  9.99329162e-01]]
Current Energy:  -72.96234469506567
true energy  -72.9623191266507
dvec
[((-0.0016875237722359794+0j), -1.0 [0^ 10] +
-1.0 [1^ 11] +
1.0 [10^ 0] +
1.0 [11^ 1]), ((0.020714426556632082+0j), -1.0 [2^ 10] +
-1.0 [3^ 11] +
1.0 [10^ 2] +
1.0 [11^ 3]), ((-0.003271359126888447+0j), -1.0 [4^ 10] +
-1.0 [5^ 11] +
1.0 [10^ 4] +
1.0 [11^ 5]), ((0.016144946739027943+0j), -1.0 [6^ 10] +
-1.0 [7^ 11] +
1.0 [10^ 6] +
1.0 [11^ 7]), ((-0.013216777069320014+0j), -1.0 [8^ 10] +
-1.0 [9^ 11] +
1.0 [10^ 8] +
1.0 [11^ 9]), ((-0.014239717310712845+0j), -1.0 [0^ 12] +
-1.0 [1^ 13] +
1.0 [12^ 0] +
1.0 [13^ 1]), ((0.09087144600130673+0j), -1.0 [2^ 12] +
-1.0 [3^ 13] +
1.0 [12^ 2] +
1.0 [13^ 3]), ((-0.0007368677358759408+0j), -1.0 [4^ 12] +
-1.0 [5^ 13] +
1.0 [12^ 4] +
1.0 [13^ 5]), ((0.003687683936793448+0j), -1.0 [6^ 12] +
-1.0 [7^ 13] +
1.0 [12^ 6] +
1.0 [13^ 7]), ((0.002041630362906998+0j), -1.0 [8^ 12] +
-1.0 [9^ 13] +
1.0 [12^ 8] +
1.0 [13^ 9]), ((0.04643387240254804+0j), -1.0 [0^ 14] +
-1.0 [1^ 15] +
1.0 [14^ 0] +
1.0 [15^ 1]), ((0.0012455641388957497+0j), -1.0 [2^ 14] +
-1.0 [3^ 15] +
1.0 [14^ 2] +
1.0 [15^ 3]), ((-0.0053960036537646465+0j), -1.0 [4^ 14] +
-1.0 [5^ 15] +
1.0 [14^ 4] +
1.0 [15^ 5]), ((0.002379034620510605+0j), -1.0 [6^ 14] +
-1.0 [7^ 15] +
1.0 [14^ 6] +
1.0 [15^ 7]), ((0.002511176005756694+0j), -1.0 [8^ 14] +
-1.0 [9^ 15] +
1.0 [14^ 8] +
